                                                                        S0000001
,,31HOpen CASCADE IGES processor 7.8,13HFilename.iges,                  G0000001
16HOpen CASCADE 7.8,31HOpen CASCADE IGES processor 7.8,32,308,15,308,15,G0000002
,1.,2,2HMM,1,0.01,15H20250314.120203,1.05696E-07,32.,6Hsnoyer,,11,0,    G0000003
15H20250314.120203,;                                                    G0000004
     402       1       0       0       0       0       0       000000000D0000001
     402       0       0       1       1                   SOLID        D0000002
     144       2       0       0       0       0       0       000020000D0000003
     144       0       5       1       0                               0D0000004
     120       3       0       0       0       0       0       000010000D0000005
     120       0       0       1       0                               0D0000006
     110       4       0       0       0       0       0       000010000D0000007
     110       0       0       1       0                               0D0000008
     100       5       0       0       0       0      11       000010000D0000009
     100       0       0       1       0                               0D0000010
     124       6       0       0       0       0       0       000000000D0000011
     124       0       0       1       0                               0D0000012
     142       7       0       0       0       0       0       000010500D0000013
     142       0       0       1       0                               0D0000014
     102       8       0       0       0       0       0       000010000D0000015
     102       0       0       1       0                               0D0000016
     100       9       0       0       0       0      19       000010000D0000017
     100       0       0       2       0                               0D0000018
     124      11       0       0       0       0       0       000000000D0000019
     124       0       0       1       0                               0D0000020
     100      12       0       0       0       0      23       000010000D0000021
     100       0       0       1       0                               0D0000022
     124      13       0       0       0       0       0       000000000D0000023
     124       0       0       2       0                               0D0000024
     100      15       0       0       0       0      27       000010000D0000025
     100       0       0       1       0                               0D0000026
     124      16       0       0       0       0       0       000000000D0000027
     124       0       0       1       0                               0D0000028
     100      17       0       0       0       0      31       000010000D0000029
     100       0       0       1       0                               0D0000030
     124      18       0       0       0       0       0       000000000D0000031
     124       0       0       2       0                               0D0000032
     144      20       0       0       0       0       0       000020000D0000033
     144       0       5       1       0                               0D0000034
     108      21       0       0       0       0       0       000010000D0000035
     108       0       0       1       0                               0D0000036
     142      22       0       0       0       0       0       000010500D0000037
     142       0       0       1       0                               0D0000038
     102      23       0       0       0       0       0       000010000D0000039
     102       0       0       1       0                               0D0000040
     110      24       0       0       0       0       0       000010000D0000041
     110       0       0       2       0                               0D0000042
     110      26       0       0       0       0       0       000010000D0000043
     110       0       0       1       0                               0D0000044
     100      27       0       0       0       0      47       000010000D0000045
     100       0       5       1       0                               0D0000046
     124      28       0       0       0       0       0       000000000D0000047
     124       0       0       1       0                               0D0000048
     144      29       0       0       0       0       0       000020000D0000049
     144       0       5       1       0                               0D0000050
     108      30       0       0       0       0       0       000010000D0000051
     108       0       0       1       0                               0D0000052
     142      31       0       0       0       0       0       000010500D0000053
     142       0       0       1       0                               0D0000054
     102      32       0       0       0       0       0       000010000D0000055
     102       0       0       1       0                               0D0000056
     100      33       0       0       0       0      59       000010000D0000057
     100       0       5       1       0                               0D0000058
     124      34       0       0       0       0       0       000000000D0000059
     124       0       0       2       0                               0D0000060
     110      36       0       0       0       0       0       000010000D0000061
     110       0       0       2       0                               0D0000062
     110      38       0       0       0       0       0       000010000D0000063
     110       0       0       1       0                               0D0000064
     100      39       0       0       0       0      67       000010000D0000065
     100       0       0       2       0                               0D0000066
     124      41       0       0       0       0       0       000000000D0000067
     124       0       0       2       0                               0D0000068
     110      43       0       0       0       0       0       000010000D0000069
     110       0       0       1       0                               0D0000070
     110      44       0       0       0       0       0       000010000D0000071
     110       0       5       2       0                               0D0000072
     142      46       0       0       0       0       0       000010500D0000073
     142       0       0       1       0                               0D0000074
     100      47       0       0       0       0      77       000010000D0000075
     100       0       5       1       0                               0D0000076
     124      48       0       0       0       0       0       000000000D0000077
     124       0       0       2       0                               0D0000078
     142      50       0       0       0       0       0       000010500D0000079
     142       0       0       1       0                               0D0000080
     100      51       0       0       0       0      83       000010000D0000081
     100       0       5       1       0                               0D0000082
     124      52       0       0       0       0       0       000000000D0000083
     124       0       0       2       0                               0D0000084
     144      54       0       0       0       0       0       000020000D0000085
     144       0       5       1       0                               0D0000086
     108      55       0       0       0       0       0       000010000D0000087
     108       0       0       1       0                               0D0000088
     142      56       0       0       0       0       0       000010500D0000089
     142       0       0       1       0                               0D0000090
     102      57       0       0       0       0       0       000010000D0000091
     102       0       0       1       0                               0D0000092
     110      58       0       0       0       0       0       000010000D0000093
     110       0       0       1       0                               0D0000094
     110      59       0       0       0       0       0       000010000D0000095
     110       0       5       2       0                               0D0000096
     100      61       0       0       0       0      99       000010000D0000097
     100       0       5       2       0                               0D0000098
     124      63       0       0       0       0       0       000000000D0000099
     124       0       0       1       0                               0D0000100
     144      64       0       0       0       0       0       000020000D0000101
     144       0       5       1       0                               0D0000102
     108      65       0       0       0       0       0       000010000D0000103
     108       0       0       1       0                               0D0000104
     142      66       0       0       0       0       0       000010500D0000105
     142       0       0       1       0                               0D0000106
     102      67       0       0       0       0       0       000010000D0000107
     102       0       0       1       0                               0D0000108
     110      68       0       0       0       0       0       000010000D0000109
     110       0       5       1       0                               0D0000110
     110      69       0       0       0       0       0       000010000D0000111
     110       0       5       1       0                               0D0000112
     100      70       0       0       0       0     115       000010000D0000113
     100       0       5       1       0                               0D0000114
     124      71       0       0       0       0       0       000000000D0000115
     124       0       0       2       0                               0D0000116
     110      73       0       0       0       0       0       000010000D0000117
     110       0       5       1       0                               0D0000118
     110      74       0       0       0       0       0       000010000D0000119
     110       0       5       1       0                               0D0000120
     100      75       0       0       0       0     123       000010000D0000121
     100       0       0       1       0                               0D0000122
     124      76       0       0       0       0       0       000000000D0000123
     124       0       0       1       0                               0D0000124
     142      77       0       0       0       0       0       000010500D0000125
     142       0       0       1       0                               0D0000126
     102      78       0       0       0       0       0       000010000D0000127
     102       0       0       1       0                               0D0000128
     100      79       0       0       0       0     131       000010000D0000129
     100       0       0       1       0                               0D0000130
     124      80       0       0       0       0       0       000000000D0000131
     124       0       0       1       0                               0D0000132
     100      81       0       0       0       0     135       000010000D0000133
     100       0       0       1       0                               0D0000134
     124      82       0       0       0       0       0       000000000D0000135
     124       0       0       2       0                               0D0000136
     142      84       0       0       0       0       0       000010500D0000137
     142       0       0       1       0                               0D0000138
     100      85       0       0       0       0     141       000010000D0000139
     100       0       5       1       0                               0D0000140
     124      86       0       0       0       0       0       000000000D0000141
     124       0       0       1       0                               0D0000142
     142      87       0       0       0       0       0       000010500D0000143
     142       0       0       1       0                               0D0000144
     100      88       0       0       0       0     147       000010000D0000145
     100       0       5       1       0                               0D0000146
     124      89       0       0       0       0       0       000000000D0000147
     124       0       0       1       0                               0D0000148
     144      90       0       0       0       0       0       000020000D0000149
     144       0       5       1       0                               0D0000150
     120      91       0       0       0       0     153       000010000D0000151
     120       0       0       1       0                               0D0000152
     124      92       0       0       0       0       0       000000000D0000153
     124       0       0       1       1                               0D0000154
     110      93       0       0       0       0       0       000010000D0000155
     110       0       0       1       0                               0D0000156
     100      94       0       0       0       0     159       000010000D0000157
     100       0       0       1       0                               0D0000158
     124      95       0       0       0       0       0       000000000D0000159
     124       0       0       1       0                               0D0000160
     142      96       0       0       0       0       0       000010500D0000161
     142       0       0       1       0                               0D0000162
     102      97       0       0       0       0       0       000010000D0000163
     102       0       0       1       0                               0D0000164
     100      98       0       0       0       0     167       000010000D0000165
     100       0       5       2       0                               0D0000166
     124     100       0       0       0       0       0       000000000D0000167
     124       0       0       2       0                               0D0000168
     100     102       0       0       0       0     171       000010000D0000169
     100       0       5       1       0                               0D0000170
     124     103       0       0       0       0       0       000000000D0000171
     124       0       0       1       0                               0D0000172
     144     104       0       0       0       0       0       000020000D0000173
     144       0       5       1       0                               0D0000174
     120     105       0       0       0       0     177       000010000D0000175
     120       0       0       1       0                               0D0000176
     124     106       0       0       0       0       0       000000000D0000177
     124       0       0       2       1                               0D0000178
     110     108       0       0       0       0       0       000010000D0000179
     110       0       0       1       0                               0D0000180
     100     109       0       0       0       0     183       000010000D0000181
     100       0       0       1       0                               0D0000182
     124     110       0       0       0       0       0       000000000D0000183
     124       0       0       1       0                               0D0000184
     142     111       0       0       0       0       0       000010500D0000185
     142       0       0       1       0                               0D0000186
     100     112       0       0       0       0     189       000010000D0000187
     100       0       5       1       0                               0D0000188
     124     113       0       0       0       0       0       000000000D0000189
     124       0       0       2       0                               0D0000190
     144     115       0       0       0       0       0       000020000D0000191
     144       0       5       1       0                               0D0000192
     120     116       0       0       0       0     195       000010000D0000193
     120       0       0       1       0                               0D0000194
     124     117       0       0       0       0       0       000000000D0000195
     124       0       0       2       1                               0D0000196
     110     119       0       0       0       0       0       000010000D0000197
     110       0       0       1       0                               0D0000198
     100     120       0       0       0       0     201       000010000D0000199
     100       0       0       1       0                               0D0000200
     124     121       0       0       0       0       0       000000000D0000201
     124       0       0       1       0                               0D0000202
     142     122       0       0       0       0       0       000010500D0000203
     142       0       0       1       0                               0D0000204
     100     123       0       0       0       0     207       000010000D0000205
     100       0       5       1       0                               0D0000206
     124     124       0       0       0       0       0       000000000D0000207
     124       0       0       2       0                               0D0000208
     144     126       0       0       0       0       0       000020000D0000209
     144       0       5       1       0                               0D0000210
     120     127       0       0       0       0     213       000010000D0000211
     120       0       0       1       0                               0D0000212
     124     128       0       0       0       0       0       000000000D0000213
     124       0       0       1       1                               0D0000214
     110     129       0       0       0       0       0       000010000D0000215
     110       0       0       1       0                               0D0000216
     100     130       0       0       0       0     219       000010000D0000217
     100       0       0       1       0                               0D0000218
     124     131       0       0       0       0       0       000000000D0000219
     124       0       0       1       0                               0D0000220
     142     132       0       0       0       0       0       000010500D0000221
     142       0       0       1       0                               0D0000222
     102     133       0       0       0       0       0       000010000D0000223
     102       0       0       1       0                               0D0000224
     100     134       0       0       0       0     227       000010000D0000225
     100       0       5       1       0                               0D0000226
     124     135       0       0       0       0       0       000000000D0000227
     124       0       0       1       0                               0D0000228
     100     136       0       0       0       0     231       000010000D0000229
     100       0       5       1       0                               0D0000230
     124     137       0       0       0       0       0       000000000D0000231
     124       0       0       2       0                               0D0000232
     144     139       0       0       0       0       0       000020000D0000233
     144       0       5       1       0                               0D0000234
     120     140       0       0       0       0     237       000010000D0000235
     120       0       0       1       0                               0D0000236
     124     141       0       0       0       0       0       000000000D0000237
     124       0       0       1       1                               0D0000238
     110     142       0       0       0       0       0       000010000D0000239
     110       0       0       1       0                               0D0000240
     100     143       0       0       0       0     243       000010000D0000241
     100       0       0       1       0                               0D0000242
     124     144       0       0       0       0       0       000000000D0000243
     124       0       0       1       0                               0D0000244
     142     145       0       0       0       0       0       000010500D0000245
     142       0       0       1       0                               0D0000246
     100     146       0       0       0       0     249       000010000D0000247
     100       0       5       1       0                               0D0000248
     124     147       0       0       0       0       0       000000000D0000249
     124       0       0       1       0                               0D0000250
     144     148       0       0       0       0       0       000020000D0000251
     144       0       5       1       0                               0D0000252
     120     149       0       0       0       0     255       000010000D0000253
     120       0       0       1       0                               0D0000254
     124     150       0       0       0       0       0       000000000D0000255
     124       0       0       1       1                               0D0000256
     110     151       0       0       0       0       0       000010000D0000257
     110       0       0       1       0                               0D0000258
     100     152       0       0       0       0     261       000010000D0000259
     100       0       0       1       0                               0D0000260
     124     153       0       0       0       0       0       000000000D0000261
     124       0       0       1       0                               0D0000262
     142     154       0       0       0       0       0       000010500D0000263
     142       0       0       1       0                               0D0000264
     100     155       0       0       0       0     267       000010000D0000265
     100       0       5       1       0                               0D0000266
     124     156       0       0       0       0       0       000000000D0000267
     124       0       0       1       0                               0D0000268
     406     157       0       0       0       0       0       000000000D0000269
     406       0       0       1      15                               0D0000270
402,11,3,33,49,85,101,149,173,191,209,233,251,0,1,269;           0000001P0000001
144,5,1,0,13;                                                    0000003P0000002
120,7,9,5.497787144,6.283185307;                                 0000005P0000003
110,0.,0.,1.,0.,0.,0.;                                           0000007P0000004
100,0.,0.,0.,30.98386677,-8.,30.98386677,8.;                     0000009P0000005
124,1.,0.,0.,0.,0.,0.,-1.,0.,0.,1.,-0.,0.;                       0000011P0000006
142,0,5,0,15,2;                                                  0000013P0000007
102,4,17,21,25,29;                                               0000015P0000008
100,0.,0.,0.,21.9089023,-21.9089023,30.98386677,                 0000017P0000009
-7.588858653E-15;                                                0000017P0000010
124,1.,0.,0.,0.,0.,-1.,0.,0.,0.,0.,-1.,8.;                       0000019P0000011
100,0.,0.,0.,30.98386677,-8.,30.98386677,8.;                     0000021P0000012
124,1.,0.,2.449293598E-16,0.,-2.449293598E-16,-0.,1.,0.,0.,-1.,  0000023P0000013
0.,0.;                                                           0000023P0000014
100,0.,0.,0.,30.98386677,0.,21.9089023,21.9089023;               0000025P0000015
124,1.,0.,0.,0.,0.,1.,0.,0.,0.,0.,1.,-8.;                        0000027P0000016
100,0.,0.,0.,30.98386677,-8.,30.98386677,8.;                     0000029P0000017
124,0.707106781,0.,0.707106781,0.,0.707106781,0.,-0.707106781,   0000031P0000018
0.,0.,1.,0.,0.;                                                  0000031P0000019
144,35,1,0,37;                                                   0000033P0000020
108,0.,0.,1.,8.,0,64.644660941,35.355339059,8.,0.;               0000035P0000021
142,0,35,0,39,2;                                                 0000037P0000022
102,3,41,43,45;                                                  0000039P0000023
110,21.9089023,21.9089023,8.,-1.421085472E-14,-1.421085472E-14,  0000041P0000024
8.;                                                              0000041P0000025
110,0.,0.,8.,30.98386677,0.,8.;                                  0000043P0000026
100,0.,0.,0.,30.98386677,0.,21.9089023,21.9089023;               0000045P0000027
124,1.,0.,0.,0.,0.,1.,0.,0.,0.,0.,1.,8.;                         0000047P0000028
144,51,1,2,53,73,79;                                             0000049P0000029
108,-0.707106781,0.707106781,-0.,0.,0,100.,100.,-8.,0.;          0000051P0000030
142,0,51,0,55,2;                                                 0000053P0000031
102,6,57,61,63,65,69,71;                                         0000055P0000032
100,0.,0.,0.,30.98386677,-8.,30.98386677,8.;                     0000057P0000033
124,0.707106781,0.,-0.707106781,0.,0.707106781,0.,0.707106781,   0000059P0000034
0.,0.,-1.,0.,0.;                                                 0000059P0000035
110,21.9089023,21.9089023,-8.,-1.421085472E-14,-1.421085472E-14, 0000061P0000036
-8.;                                                             0000061P0000037
110,0.,0.,-8.,0.,0.,-2.741657387;                                0000063P0000038
100,0.,0.,0.,-2.062688738E-14,-3.741657387,-1.879400388E-14,     0000065P0000039
3.741657387;                                                     0000065P0000040
124,0.707106781,0.,0.707106781,-2.220446049E-16,0.707106781,0.,  0000067P0000041
-0.707106781,2.220446049E-16,0.,1.,0.,1.;                        0000067P0000042
110,0.,0.,4.741657387,0.,0.,8.;                                  0000069P0000043
110,-1.421085472E-14,-1.421085472E-14,8.,21.9089023,21.9089023,  0000071P0000044
8.;                                                              0000071P0000045
142,0,51,0,75,2;                                                 0000073P0000046
100,0.,0.,0.,3.998632079,0.,3.998632079,0.;                      0000075P0000047
124,0.707106781,0.,0.707106781,17.677514793,0.707106781,0.,      0000077P0000048
-0.707106781,17.677514793,0.,1.,0.,0.;                           0000077P0000049
142,0,51,0,81,2;                                                 0000079P0000050
100,0.,0.,0.,2.808607167,0.,2.808607167,0.;                      0000081P0000051
124,0.707106781,0.,0.707106781,9.189349112,0.707106781,0.,       0000083P0000052
-0.707106781,9.189349112,0.,1.,0.,-3.;                           0000083P0000053
144,87,1,0,89;                                                   0000085P0000054
108,-0.,-0.,-1.,8.,0,64.644660941,35.355339059,-8.,0.;           0000087P0000055
142,0,87,0,91,2;                                                 0000089P0000056
102,3,93,95,97;                                                  0000091P0000057
110,30.98386677,0.,-8.,0.,0.,-8.;                                0000093P0000058
110,-1.421085472E-14,-1.421085472E-14,-8.,21.9089023,21.9089023, 0000095P0000059
-8.;                                                             0000095P0000060
100,0.,0.,0.,21.9089023,-21.9089023,30.98386677,                 0000097P0000061
-7.588858653E-15;                                                0000097P0000062
124,1.,0.,0.,0.,0.,-1.,0.,0.,0.,0.,-1.,-8.;                      0000099P0000063
144,103,1,3,105,125,137,143;                                     0000101P0000064
108,-0.,-1.,-0.,0.,0,0.,0.,-8.,0.;                               0000103P0000065
142,0,103,0,107,2;                                               0000105P0000066
102,6,109,111,113,117,119,121;                                   0000107P0000067
110,0.,0.,-2.741657387,0.,0.,-8.;                                0000109P0000068
110,0.,0.,-8.,30.98386677,0.,-8.;                                0000111P0000069
100,0.,0.,0.,30.98386677,-8.,30.98386677,8.;                     0000113P0000070
124,1.,0.,-2.449293598E-16,0.,-2.449293598E-16,0.,-1.,0.,0.,1.,  0000115P0000071
0.,0.;                                                           0000115P0000072
110,30.98386677,0.,8.,0.,0.,8.;                                  0000117P0000073
110,0.,0.,8.,0.,0.,4.741657387;                                  0000119P0000074
100,0.,0.,0.,3.741657387,-1.,-3.741657387,-1.;                   0000121P0000075
124,0.,1.,0.,1.,0.,0.,1.,0.,1.,0.,0.,1.;                         0000123P0000076
142,0,103,0,127,2;                                               0000125P0000077
102,2,129,133;                                                   0000127P0000078
100,0.,0.,0.,-3.,0.,3.,0.;                                       0000129P0000079
124,0.,1.,0.,15.,0.,0.,1.,0.,1.,0.,0.,3.;                        0000131P0000080
100,0.,0.,0.,0.,-3.,0.,3.;                                       0000133P0000081
124,1.,0.,2.449293598E-16,15.,-2.449293598E-16,-0.,1.,0.,0.,-1., 0000135P0000082
0.,3.;                                                           0000135P0000083
142,0,103,0,139,2;                                               0000137P0000084
100,0.,0.,0.,1.732050808,0.,1.732050808,0.;                      0000139P0000085
124,0.,1.,0.,9.,0.,0.,1.,0.,1.,0.,0.,-3.;                        0000141P0000086
142,0,103,0,145,2;                                               0000143P0000087
100,0.,0.,0.,3.872983346,0.,3.872983346,0.;                      0000145P0000088
124,0.,1.,0.,25.,0.,0.,1.,0.,1.,0.,0.,-2.;                       0000147P0000089
144,151,1,0,161;                                                 0000149P0000090
120,155,157,0.25205237,2.35619449;                               0000151P0000091
124,1.,0.,0.,1.,0.,-1.,0.,-1.,0.,0.,1.,1.;                       0000153P0000092
110,0.,0.,1.,0.,0.,0.;                                           0000155P0000093
100,0.,0.,0.,0.999412695,-3.87313494,0.997238432,3.87369533;     0000157P0000094
124,1.,0.,0.,0.,0.,0.,-1.,0.,0.,1.,-0.,0.;                       0000159P0000095
142,0,151,0,163,2;                                               0000161P0000096
102,2,165,169;                                                   0000163P0000097
100,0.,0.,0.,-1.971044563E-14,-3.741657387,-1.971044563E-14,     0000165P0000098
3.741657387;                                                     0000165P0000099
124,0.707106781,0.,-0.707106781,-2.220446049E-16,0.707106781,0., 0000167P0000100
0.707106781,2.220446049E-16,0.,-1.,0.,1.;                        0000167P0000101
100,0.,0.,0.,-3.741657387,1.,3.741657387,1.;                     0000169P0000102
124,0.,-1.,0.,1.,0.,0.,-1.,0.,1.,0.,-0.,1.;                      0000171P0000103
144,175,1,0,185;                                                 0000173P0000104
120,179,181,-3.119981943,-3.033745609E-02;                       0000175P0000105
124,0.704142012,0.710059172,0.,17.603550296,0.710059172,         0000177P0000106
-0.704142012,0.,17.75147929,0.,0.,1.,0.;                         0000177P0000107
110,0.,0.,1.,0.,0.,0.;                                           0000179P0000108
100,0.,0.,0.,0.104405203,-3.998637212,0.103912051,3.998650058;   0000181P0000109
124,1.,0.,0.,0.,0.,0.,-1.,0.,0.,1.,-0.,0.;                       0000183P0000110
142,0,175,0,187,2;                                               0000185P0000111
100,0.,0.,0.,3.998632079,0.,3.998632079,0.;                      0000187P0000112
124,0.707106781,0.,-0.707106781,17.677514793,0.707106781,0.,     0000189P0000113
0.707106781,17.677514793,0.,-1.,0.,0.;                           0000189P0000114
144,193,1,0,203;                                                 0000191P0000115
120,197,199,-2.790638935,-0.363315666;                           0000193P0000116
124,0.704142012,0.710059172,0.,8.443786982,0.710059172,          0000195P0000117
-0.704142012,0.,9.934911243,0.,0.,1.,-3.;                        0000195P0000118
110,0.,0.,1.,0.,0.,0.;                                           0000197P0000119
100,0.,0.,0.,1.050857602,-2.809928522,1.052565713,2.809289131;   0000199P0000120
124,1.,0.,0.,0.,0.,0.,-1.,0.,0.,1.,-0.,0.;                       0000201P0000121
142,0,193,0,205,2;                                               0000203P0000122
100,0.,0.,0.,2.808607167,0.,2.808607167,0.;                      0000205P0000123
124,0.707106781,0.,-0.707106781,9.189349112,0.707106781,0.,      0000207P0000124
0.707106781,9.189349112,0.,-1.,0.,-3.;                           0000207P0000125
144,211,1,0,221;                                                 0000209P0000126
120,215,217,0.,3.141592654;                                      0000211P0000127
124,1.,0.,0.,15.,0.,-1.,0.,0.,0.,0.,1.,3.;                       0000213P0000128
110,0.,0.,1.,0.,0.,0.;                                           0000215P0000129
100,0.,0.,0.,1.836970199E-16,-3.,1.836970199E-16,3.;             0000217P0000130
124,1.,0.,0.,0.,0.,0.,-1.,0.,0.,1.,-0.,0.;                       0000219P0000131
142,0,211,0,223,2;                                               0000221P0000132
102,2,225,229;                                                   0000223P0000133
100,0.,0.,0.,3.,0.,-3.,0.;                                       0000225P0000134
124,0.,-1.,0.,15.,0.,0.,-1.,0.,1.,0.,-0.,3.;                     0000227P0000135
100,0.,0.,0.,0.,-3.,1.776356839E-15,3.;                          0000229P0000136
124,1.,0.,-2.449293598E-16,15.,-2.449293598E-16,0.,-1.,0.,0.,1., 0000231P0000137
0.,3.;                                                           0000231P0000138
144,235,1,0,245;                                                 0000233P0000139
120,239,241,0.521714621,2.623276091;                             0000235P0000140
124,1.,0.,0.,9.,0.,-1.,0.,-1.,0.,0.,1.,-3.;                      0000237P0000141
110,0.,0.,1.,0.,0.,0.;                                           0000239P0000142
100,0.,0.,0.,0.993405874,-1.735841228,1.,1.732050808;            0000241P0000143
124,1.,0.,0.,0.,0.,0.,-1.,0.,0.,1.,-0.,0.;                       0000243P0000144
142,0,235,0,247,2;                                               0000245P0000145
100,0.,0.,0.,1.732050808,0.,1.732050808,0.;                      0000247P0000146
124,0.,-1.,0.,9.,0.,0.,-1.,0.,1.,0.,-0.,-3.;                     0000249P0000147
144,253,1,0,263;                                                 0000251P0000148
120,257,259,0.252086394,2.889766413;                             0000253P0000149
124,1.,0.,0.,25.,0.,-1.,0.,-1.,0.,0.,1.,-2.;                     0000255P0000150
110,0.,0.,1.,0.,0.,0.;                                           0000257P0000151
100,0.,0.,0.,0.997469697,-3.873635786,1.,3.872983346;            0000259P0000152
124,1.,0.,0.,0.,0.,0.,-1.,0.,0.,1.,-0.,0.;                       0000261P0000153
142,0,253,0,265,2;                                               0000263P0000154
100,0.,0.,0.,3.872983346,0.,3.872983346,0.;                      0000265P0000155
124,0.,-1.,0.,25.,0.,0.,-1.,0.,1.,0.,-0.,-2.;                    0000267P0000156
406,1,5HSOLID;                                                   0000269P0000157
S      1G      4D    270P    157                                        T0000001
