448
1846.8  2725.1  61.6
1846.2  2728    61.51
1845.9  2729    61.51
1845.6  2729.8  61.17
1845.4  2730.5  60.87
1845    2732    60.59
1844.4  2733.8  60.47
1843.7  2737.8  60.44
1841.7  2742.9  60.59
1839.8  2748.3  60.59
1838    2754.5  60.69
1836.6  2758.3  60.9
1834.8  2761.1  60.87
1834.2  2763    60.9
1833    2765.7  60.93
1832.1  2767.4  60.99
1831    2768.6  61.02
1828.6  2772.6  60.96
1827.1  2774.6  60.72
1826.5  2775.5  60.32
1826.1  2776.5  60.11
1825.8  2777.2  60.2
1825.4  2777.7  60.56
1825.8  2777.6  60.87
1826.7  2719.1  61.48
1825.5  2721.6  61.45
1825.3  2722.6  61.36
1824.7  2723.8  60.9
1824.5  2724.5  60.81
1824.3  2726.6  60.59
1824.5  2728.6  60.53
1824.5  2735.1  60.47
1823    2740.8  60.53
1822.1  2746.3  60.75
1820.9  2749.2  60.81
1820.7  2750.2  60.87
1819.4  2753.4  60.9
1819.1  2754.3  60.84
1819.2  2755.4  60.81
1819.2  2756    60.78
1819    2757.1  60.78
1817.2  2762.1  60.62
1816.9  2764.6  60.32
1817.8  2767.5  60.78
1816.3  2769.8  60.5
1815    2771.1  60.08
1813.7  2771.7  60.23
1813.2  2772.7  61.11
1811.7  2714.2  61.33
1811.4  2716.5  61.23
1811.1  2717.2  61.23
1810.6  2718.6  60.87
1810.3  2719.3  60.72
1809    2723.1  60.47
1808.8  2724    60.47
1807.4  2730    60.5
1805.7  2735.8  60.41
1804.3  2740.7  60.72
1802    2746.8  60.69
1801.6  2747.4  60.69
1799    2751.4  60.5
1795.9  2753.6  60.23
1794.1  2754.2  60.08
1791.3  2755.6  59.62
1790.4  2758.1  61.11
1805.1  2712.7  61.3
1804.7  2714.3  61.23
1804.8  2714    61.26
1804.4  2715.4  60.99
1804.1  2716    60.75
1803.9  2716.5  60.66
1802.3  2720.6  60.44
1801.8  2721.7  60.47
1799.6  2725.5  60.44
1796.9  2730.2  60.38
1794.3  2734.4  60.47
1792.7  2736.2  60.56
1792.3  2737    60.59
1790.3  2739.3  60.56
1790    2739.8  60.53
1788.3  2741.6  60.41
1787    2743.6  60.26
1785.7  2745    59.98
1785.2  2746.2  59.74
1784    2748.9  59.13
1783.4  2750    59.25
1782    2751    60.62
1790    2706.9  61.23
1788.9  2708.5  61.11
1788    2710    60.75
1787.9  2710.6  60.66
1787.7  2711.5  60.53
1786.7  2714.4  60.44
1786.3  2715.6  60.35
1785    2719.4  60.32
1783.9  2724    60.23
1783.8  2726    60.26
1783.4  2727.5  60.29
1782.7  2730.2  60.32
1781.4  2732.5  60.32
1780.8  2734.5  60.29
1780.7  2735.1  60.29
1778.7  2738    60.02
1777    2739.9  59.65
1775.6  2741.8  59.47
1774.5  2743.3  59.68
1774    2744    59.65
1773.4  2744.7  59.53
1772.1  2744.9  59.77
1771.1  2746.4  61.6
1782.6  2700.7  61.26
1781.8  2704.1  61.23
1780.7  2706.6  61.05
1778.7  2710.1  60.5
1778    2713.5  60.26
1777.8  2714.3  60.32
1776.7  2715.4  60.2
1775.1  2717.7  60.2
1774.5  2719.5  60.14
1773.7  2721.3  59.95
1771.5  2723.2  59.77
1769.1  2725.4  59.74
1766    2727.9  59.68
1764.6  2729.2  59.38
1764    2730.1  59.19
1762.7  2731.1  59.16
1761.8  2731.4  59.31
1760.7  2732.1  59.19
1759.6  2733.4  59.74
1758    2734.6  60.32
1757.4  2735.2  61.45
1777    2695.6  61.2
1774.5  2700.1  61.02
1772.1  2704.4  60.78
1768.5  2707.4  60.44
1768.1  2708.2  60.29
1767.7  2709.1  60.2
1766.8  2711.1  59.98
1765.4  2712.6  59.98
1764.2  2714.9  59.92
1762.2  2716.2  59.83
1760.4  2717    59.5
1757.5  2719.5  59.07
1756    2721.5  58.46
1755.9  2723.3  58.58
1754.3  2725.1  59.31
1752.8  2725.6  59.89
1752.2  2726.2  60.75
1768.6  2687.7  61.17
1764.4  2690.9  60.87
1761    2695.9  60.38
1760.1  2697.1  60.08
1758    2699.5  60.14
1757.5  2700    59.95
1756.4  2701    59.59
1755.1  2702.8  58.86
1753.3  2703.9  59.01
1752    2705    58.89
1749.7  2707.6  59.04
1747.3  2710.8  58.89
1746.2  2712.1  58.64
1744.3  2713.6  59.31
1743.3  2714.5  59.92
1742.7  2715    60.23
1741.3  2716.6  61.2
1790.2  2716.6  60.41
1779.6  2716.5  60.29
1767.7  2714.4  60.11
1759.5  2712.9  59.92
1756.9  2713    59.47
1793.1  2724.8  60.32
1785.5  2724.3  60.2
1777    2723.6  59.98
1768.7  2725.7  59.8
1763.9  2727.8  59.34
1760.3  2728.2  58.7
1764.1  2733.4  59.13
1771    2738    59.22
1776.8  2741.8  59.44
1781.1  2748.2  59.13
1784.8  2749.3  59.13
1793.9  2731.7  60.38
1786.2  2732.8  60.41
1780.7  2732.7  60.29
1774.3  2732.8  60.11
1770.3  2733.1  59.8
1767.5  2733.9  59.16
1758    2662.5  61.02
1752.8  2664.3  60.9
1748.4  2666    60.5
1746.5  2666.8  60.29
1744.3  2667.6  59.95
1742.6  2668.4  59.8
1738.6  2670.7  59.07
1734.6  2673    59.13
1731.4  2674.5  59.13
1730.2  2675.2  59.04
1729.2  2675.9  59.13
1727.7  2676.4  59.71
1726.3  2677    60.26
1724.2  2677.6  61.14
1722.2  2678.3  61.14
1718.8  2679.6  61.11
1714    2651.4  60.87
1716.4  2651    60.99
1718    2650.9  61.02
1720.4  2650.5  60.47
1721.5  2650.3  60.14
1726.9  2649.3  59.41
1730.4  2648.7  59.41
1733.7  2648    59.44
1735.9  2647.5  59.71
1737.8  2647.3  59.98
1738.5  2647    60.02
1740.7  2646.2  60.32
1748.2  2644.2  60.96
1750.7  2643.5  60.99
1740.3  2602.1  60.84
1738.4  2602.8  60.72
1734.8  2603.6  60.35
1730.8  2604.5  59.71
1726.4  2605.9  59.34
1722.1  2606.8  59.31
1717.4  2607.7  59.53
1714.9  2608.5  59.8
1712.9  2609    60.23
1711    2609.1  60.44
1707.2  2609.3  60.75
1751.3  2590.2  60.87
1746.2  2593.2  60.85
1744.4  2594    60.83
1741.6  2594.8  60.75
1739.8  2595.6  60.75
1737.1  2596.2  60.68
1734.4  2596.6  60.37
1731.7  2597.1  60.09
1730.5  2597.3  59.89
1729.2  2597.5  59.53
1727.6  2597.4  59.42
1724.5  2597.8  59.22
1721.5  2598.3  59.2
1718.2  2599    59.33
1715.2  2599.5  59.44
1713.6  2599.8  59.73
1712.6  2599.9  60.02
1710.8  2600.4  60.21
1706.8  2601.4  60.54
1705.8  2601.8  60.6
1702.8  2602.6  60.69
1700.2  2603.4  60.73
1693.5  2584.5  60.7
1697.8  2583.3  60.67
1700.1  2582.7  60.55
1701.6  2582.3  60.47
1705.2  2581.7  60.23
1706.8  2581.5  60.06
1708.5  2581.2  59.89
1710.7  2580.6  59.48
1712.5  2579.9  59.36
1714.8  2579.5  59.27
1717.4  2579.2  59.2
1719.4  2578.8  59.14
1721.7  2578.4  59.13
1723.6  2578.2  59.23
1725.2  2577.9  59.51
1726.4  2577.6  59.8
1728.4  2577.3  60.05
1730.1  2577    60.27
1733.8  2576.5  60.61
1737.7  2575.4  60.7
1742.5  2573.7  60.76
1737.3  2552.1  60.62
1730.8  2553.2  60.58
1727.2  2553.8  60.49
1725.8  2554.1  60.34
1723.6  2554.6  59.55
1721.7  2554.9  59.32
1719.3  2555.3  59.25
1717.9  2555.4  59.16
1715.5  2555.3  59.24
1712.8  2555.8  59.26
1710.6  2556.2  59.24
1708.3  2556.8  59.36
1706.5  2557.5  59.42
1704.9  2557.9  59.6
1703.5  2558.5  59.84
1701.2  2559.3  60.02
1694.4  2561    60.61
1688.6  2547.6  60.6
1691.8  2546.4  60.51
1695.4  2545.1  60.09
1699.7  2543.6  59.66
1703.2  2542.7  59.46
1706.1  2541.6  59.38
1707.7  2541.5  59.33
1709.2  2540.6  59.18
1711.7  2539.8  59.19
1714.2  2539    59.2
1717.6  2538.2  59.13
1718.9  2538    59.12
1720.1  2538.1  59.46
1722.5  2537.7  60.43
1721.5  2534    60.44
1719.7  2533.8  59.5
1718    2533.9  59.04
1717.1  2533.6  58.94
1714.4  2532.9  59
1712    2533.1  59.13
1708.6  2532.3  59.21
1705.6  2531.1  59.28
1702.8  2528.9  59.35
1701.5  2527.9  59.33
1697.6  2529.1  59.32
1692.4  2531.1  59.78
1686.7  2535.2  60.39
1684.2  2531.4  60.35
1686.2  2530.4  60.19
1690.2  2527.3  59.74
1692.5  2525.9  59.61
1693.9  2525.2  59.45
1695.3  2524.6  59.16
1696.6  2524.1  58.79
1698.3  2523.3  58.62
1699.8  2522.7  58.54
1702.9  2521.5  58.49
1704.2  2520.8  58.4
1705.6  2520    58.4
1707.1  2519.1  58.51
1708.4  2518.1  58.85
1710.5  2517.4  59.34
1712.7  2516.4  60.33
1705.6  2506.4  60.37
1704.7  2507    59.88
1703.6  2507.7  59.37
1702.3  2508.7  58.75
1700.5  2509.5  58.5
1699.6  2510    58.57
1697.9  2510.7  58.68
1696.7  2511.5  58.68
1695.3  2511.9  58.62
1693.7  2512.8  58.76
1692    2513.6  58.78
1689.6  2514.6  59.02
1688.2  2515.3  58.93
1687.4  2515.8  59.25
1685.9  2517.1  59.64
1681.4  2520.9  60
1677.6  2523.4  60.48
1669.8  2515.4  60.53
1671.7  2513    60.2
1673.6  2510.6  59.98
1674.7  2509.2  59.86
1676    2507.5  59.56
1677.2  2506.1  59.47
1677.5  2505.6  59.38
1677.7  2505.4  59.34
1678.3  2504.7  59.28
1678.9  2503.9  59.1
1679.4  2503.2  59.01
1680    2502.5  58.77
1680.5  2501.8  58.77
1681.1  2501.1  58.64
1681.5  2500.6  58.37
1682.1  2499.9  58.43
1682.6  2499.1  58.52
1683    2498.7  58.61
1683.6  2497.9  58.64
1684.1  2497.2  58.64
1684.7  2496.5  58.52
1685.3  2495.8  58.52
1685.6  2495.3  58.49
1686.2  2494.6  58.52
1686.8  2493.9  58.7
1687.1  2493.4  58.95
1687.5  2492.9  59.1
1688.1  2492.2  59.34
1688.6  2491.5  59.56
1689    2491    59.95
1690    2489.8  60.35
1692.6  2486.4  60.47
1846.4  2779.2  61.78
1847    2777.7  61.66
1847.8  2775.5  61.36
1848.5  2773.5  61.17
1848.9  2772.3  61.17
1849.5  2770.9  61.14
1850    2769.4  61.08
1850.5  2768    60.99
1851    2766.6  61.08
1851.6  2764.9  60.96
1852.2  2763.4  60.9
1852.8  2761.7  60.78
1853.4  2760    60.62
1853.9  2758.6  60.62
1854.6  2756.5  60.66
1855.2  2755.1  60.56
1855.8  2753.4  60.53
1856.4  2751.7  60.41
1856.7  2750.8  60.47
1857.1  2749.7  60.41
1857.7  2748.2  60.44
1858.2  2746.8  60.41
1858.6  2745.7  60.47
1859    2744.5  60.44
1859.4  2743.4  60.56
1859.8  2742.2  60.62
1860.4  2740.8  60.62
1860.8  2739.6  60.66
1861.3  2738.2  60.78
1861.8  2736.8  60.9
1862.3  2735.3  61.17
1862.5  2734.8  61.26
1863.2  2733.1  61.54
1863.7  2731.6  61.57
1846.7  2779.3  61.78
1847.2  2777.9  61.66
1848.1  2775.6  61.36
1848.8  2773.6  61.17
1849.2  2772.4  61.17
1849.7  2771    61.14
1850.3  2769.5  61.08
1850.8  2768.1  60.99
1851.3  2766.7  61.08
1851.9  2765    60.96
1852.4  2763.5  60.9
1853.1  2761.8  60.78
1853.7  2760.1  60.62
1854.2  2758.7  60.62
1854.9  2756.6  60.66
1855.5  2755.2  60.56
1856.1  2753.5  60.53
1856.7  2751.8  60.41
1857    2750.9  60.47
1857.4  2749.8  60.41
1857.9  2748.3  60.44
1858.5  2746.9  60.41
1858.9  2745.8  60.47
1859.3  2744.6  60.44
1859.7  2743.5  60.56
1860.1  2742.3  60.62
1860.7  2740.9  60.62
1861.1  2739.7  60.66
1861.6  2738.3  60.78
1862.1  2736.9  60.9
1862.6  2735.4  61.17
1862.8  2734.9  61.26
1863.5  2733.2  61.54
1864    2731.7  61.57
