                                                                        S0000001
,,31HOpen CASCADE IGES processor 7.6,13HFilename.iges,                  G0000001
16HOpen CASCADE 7.6,31HOpen CASCADE IGES processor 7.6,32,308,15,308,15,G0000002
,1.,2,2HMM,1,0.01,15H20240729.140413,1E-07,4.5,6Hsnoyer,,11,0,          G0000003
15H20240729.140413,;                                                    G0000004
     402       1       0       0       0       0       0       000000000D0000001
     402       0       0       1       1                F3D logo        D0000002
     402       2       0       0       0       0       0       000020000D0000003
     402       0       0       1       1                               0D0000004
     144       3       0       0       0       0       0       000020000D0000005
     144       0    -119       1       0                               0D0000006
     108       4       0       0       0       0       0       000010000D0000007
     108       0       0       2       0                               0D0000008
     142       6       0       0       0       0       0       000010500D0000009
     142       0       0       1       0                               0D0000010
     102       7       0       0       0       0       0       000010000D0000011
     102       0       0       1       0                               0D0000012
     110       8       0       0       0       0       0       000010000D0000013
     110       0       0       1       0                               0D0000014
     110       9       0       0       0       0       0       000010000D0000015
     110       0       0       1       0                               0D0000016
     110      10       0       0       0       0       0       000010000D0000017
     110       0       0       1       0                               0D0000018
     144      11       0       0       0       0       0       000020000D0000019
     144       0    -119       1       0                               0D0000020
     108      12       0       0       0       0       0       000010000D0000021
     108       0       0       2       0                               0D0000022
     142      14       0       0       0       0       0       000010500D0000023
     142       0       0       1       0                               0D0000024
     102      15       0       0       0       0       0       000010000D0000025
     102       0       0       1       0                               0D0000026
     110      16       0       0       0       0       0       000010000D0000027
     110       0       0       1       0                               0D0000028
     110      17       0       0       0       0       0       000010000D0000029
     110       0    -119       1       0                               0D0000030
     110      18       0       0       0       0       0       000010000D0000031
     110       0       0       1       0                               0D0000032
     144      19       0       0       0       0       0       000020000D0000033
     144       0    -119       1       0                               0D0000034
     108      20       0       0       0       0       0       000010000D0000035
     108       0       0       2       0                               0D0000036
     142      22       0       0       0       0       0       000010500D0000037
     142       0       0       1       0                               0D0000038
     102      23       0       0       0       0       0       000010000D0000039
     102       0       0       1       0                               0D0000040
     110      24       0       0       0       0       0       000010000D0000041
     110       0    -119       1       0                               0D0000042
     110      25       0       0       0       0       0       000010000D0000043
     110       0    -119       1       0                               0D0000044
     110      26       0       0       0       0       0       000010000D0000045
     110       0       0       1       0                               0D0000046
     144      27       0       0       0       0       0       000020000D0000047
     144       0    -119       1       0                               0D0000048
     108      28       0       0       0       0       0       000010000D0000049
     108       0       0       2       0                               0D0000050
     142      30       0       0       0       0       0       000010500D0000051
     142       0       0       1       0                               0D0000052
     102      31       0       0       0       0       0       000010000D0000053
     102       0       0       1       0                               0D0000054
     110      32       0       0       0       0       0       000010000D0000055
     110       0    -119       1       0                               0D0000056
     110      33       0       0       0       0       0       000010000D0000057
     110       0    -119       1       0                               0D0000058
     110      34       0       0       0       0       0       000010000D0000059
     110       0    -119       1       0                               0D0000060
     402      35       0       0       0       0       0       000020000D0000061
     402       0       0       1       1                               0D0000062
     144      36       0       0       0       0       0       000020000D0000063
     144       0    -121       1       0                               0D0000064
     108      37       0       0       0       0       0       000010000D0000065
     108       0       0       2       0                               0D0000066
     142      39       0       0       0       0       0       000010500D0000067
     142       0       0       1       0                               0D0000068
     102      40       0       0       0       0       0       000010000D0000069
     102       0       0       1       0                               0D0000070
     110      41       0       0       0       0       0       000010000D0000071
     110       0       0       1       0                               0D0000072
     110      42       0       0       0       0       0       000010000D0000073
     110       0       0       1       0                               0D0000074
     110      43       0       0       0       0       0       000010000D0000075
     110       0       0       1       0                               0D0000076
     144      44       0       0       0       0       0       000020000D0000077
     144       0    -121       1       0                               0D0000078
     108      45       0       0       0       0       0       000010000D0000079
     108       0       0       2       0                               0D0000080
     142      47       0       0       0       0       0       000010500D0000081
     142       0       0       1       0                               0D0000082
     102      48       0       0       0       0       0       000010000D0000083
     102       0       0       1       0                               0D0000084
     110      49       0       0       0       0       0       000010000D0000085
     110       0       0       1       0                               0D0000086
     110      50       0       0       0       0       0       000010000D0000087
     110       0    -121       1       0                               0D0000088
     110      51       0       0       0       0       0       000010000D0000089
     110       0       0       1       0                               0D0000090
     144      52       0       0       0       0       0       000020000D0000091
     144       0    -121       1       0                               0D0000092
     108      53       0       0       0       0       0       000010000D0000093
     108       0       0       2       0                               0D0000094
     142      55       0       0       0       0       0       000010500D0000095
     142       0       0       1       0                               0D0000096
     102      56       0       0       0       0       0       000010000D0000097
     102       0       0       1       0                               0D0000098
     110      57       0       0       0       0       0       000010000D0000099
     110       0       0       1       0                               0D0000100
     110      58       0       0       0       0       0       000010000D0000101
     110       0    -121       1       0                               0D0000102
     110      59       0       0       0       0       0       000010000D0000103
     110       0    -121       1       0                               0D0000104
     144      60       0       0       0       0       0       000020000D0000105
     144       0    -121       1       0                               0D0000106
     108      61       0       0       0       0       0       000010000D0000107
     108       0       0       2       0                               0D0000108
     142      63       0       0       0       0       0       000010500D0000109
     142       0       0       1       0                               0D0000110
     102      64       0       0       0       0       0       000010000D0000111
     102       0       0       1       0                               0D0000112
     110      65       0       0       0       0       0       000010000D0000113
     110       0    -121       1       0                               0D0000114
     110      66       0       0       0       0       0       000010000D0000115
     110       0    -121       1       0                               0D0000116
     110      67       0       0       0       0       0       000010000D0000117
     110       0    -121       1       0                               0D0000118
     314      68       0       0       0       0       0       000000200D0000119
     314       0       0       1       0                               0D0000120
     314      69       0       0       0       0       0       000000200D0000121
     314       0       0       1       0                               0D0000122
     406      70       0       0       0       0       0       000000000D0000123
     406       0       0       1      15                               0D0000124
402,2,3,61,0,1,123;                                              0000001P0000001
402,4,5,19,33,47;                                                0000003P0000002
144,7,1,0,9;                                                     0000005P0000003
108,-0.620070496,-0.461447811,0.63449074,1.73042929,0,           0000007P0000004
-0.449465324,-0.39118457,2.003524656,0.;                         0000007P0000005
142,0,7,0,11,2;                                                  0000009P0000006
102,3,13,15,17;                                                  0000011P0000007
110,2.,-0.25,4.5,-2.,1.,1.5;                                     0000013P0000008
110,-2.,1.,1.5,-2.,-1.75,-0.5;                                   0000015P0000009
110,-2.,-1.75,-0.5,2.,-0.25,4.5;                                 0000017P0000010
144,21,1,0,23;                                                   0000019P0000011
108,0.666666667,-0.666666667,-0.333333333,-1.110223025E-16,0,    0000021P0000012
0.174161899,-0.587163986,1.52265177,0.;                          0000021P0000013
142,0,21,0,25,2;                                                 0000023P0000014
102,3,27,29,31;                                                  0000025P0000015
110,0.,0.25,-0.5,2.,-0.25,4.5;                                   0000027P0000016
110,2.,-0.25,4.5,-2.,-1.75,-0.5;                                 0000029P0000017
110,-2.,-1.75,-0.5,0.,0.25,-0.5;                                 0000031P0000018
144,35,1,0,37;                                                   0000033P0000019
108,-0.5069794,0.5069794,-0.697096676,0.475293188,0,             0000035P0000020
-1.371423143,-0.171229276,0.191050084,0.;                        0000035P0000021
142,0,35,0,39,2;                                                 0000037P0000022
102,3,41,43,45;                                                  0000039P0000023
110,0.,0.25,-0.5,-2.,-1.75,-0.5;                                 0000041P0000024
110,-2.,-1.75,-0.5,-2.,1.,1.5;                                   0000043P0000025
110,-2.,1.,1.5,0.,0.25,-0.5;                                     0000045P0000026
144,49,1,0,51;                                                   0000047P0000027
108,0.321112747,0.94643757,-3.380134177E-02,0.253510063,0,       0000049P0000028
0.184021448,0.278874411,2.056687263,0.;                          0000049P0000029
142,0,49,0,53,2;                                                 0000051P0000030
102,3,55,57,59;                                                  0000053P0000031
110,2.,-0.25,4.5,0.,0.25,-0.5;                                   0000055P0000032
110,0.,0.25,-0.5,-2.,1.,1.5;                                     0000057P0000033
110,-2.,1.,1.5,2.,-0.25,4.5;                                     0000059P0000034
402,4,63,77,91,105;                                              0000061P0000035
144,65,1,0,67;                                                   0000063P0000036
108,0.620070496,0.461447811,-0.63449074,1.73042929,0,            0000065P0000037
0.449465324,0.39118457,-2.003524656,0.;                          0000065P0000038
142,0,65,0,69,2;                                                 0000067P0000039
102,3,71,73,75;                                                  0000069P0000040
110,-2.,0.25,-4.5,2.,1.75,0.5;                                   0000071P0000041
110,2.,1.75,0.5,2.,-1.,-1.5;                                     0000073P0000042
110,2.,-1.,-1.5,-2.,0.25,-4.5;                                   0000075P0000043
144,79,1,0,81;                                                   0000077P0000044
108,-0.666666667,0.666666667,0.333333333,2.220446049E-16,0,      0000079P0000045
-0.174161899,0.587163986,-1.52265177,0.;                         0000079P0000046
142,0,79,0,83,2;                                                 0000081P0000047
102,3,85,87,89;                                                  0000083P0000048
110,0.,-0.25,0.5,2.,1.75,0.5;                                    0000085P0000049
110,2.,1.75,0.5,-2.,0.25,-4.5;                                   0000087P0000050
110,-2.,0.25,-4.5,0.,-0.25,0.5;                                  0000089P0000051
144,93,1,0,95;                                                   0000091P0000052
108,0.5069794,-0.5069794,0.697096676,0.475293188,0,1.371423143,  0000093P0000053
0.171229276,-0.191050084,0.;                                     0000093P0000054
142,0,93,0,97,2;                                                 0000095P0000055
102,3,99,101,103;                                                0000097P0000056
110,0.,-0.25,0.5,2.,-1.,-1.5;                                    0000099P0000057
110,2.,-1.,-1.5,2.,1.75,0.5;                                     0000101P0000058
110,2.,1.75,0.5,0.,-0.25,0.5;                                    0000103P0000059
144,107,1,0,109;                                                 0000105P0000060
108,-0.321112747,-0.94643757,3.380134177E-02,0.253510063,0,      0000107P0000061
-0.184021448,-0.278874411,-2.056687263,0.;                       0000107P0000062
142,0,107,0,111,2;                                               0000109P0000063
102,3,113,115,117;                                               0000111P0000064
110,0.,-0.25,0.5,-2.,0.25,-4.5;                                  0000113P0000065
110,-2.,0.25,-4.5,2.,-1.,-1.5;                                   0000115P0000066
110,2.,-1.,-1.5,0.,-0.25,0.5;                                    0000117P0000067
314,47.058824112,54.509803974,100.,14HCORNFLOWERBLUE;            0000119P0000068
314,97.647057782,69.803921132,3.137254979,14HDARKGOLDENROD1;     0000121P0000069
406,1,8HF3D logo;                                                0000123P0000070
S      1G      4D    124P     70                                        T0000001
