<VTKFile type="ImageData" version="1.0" byte_order="LittleEndian" header_type="UInt64">
  <ImageData WholeExtent="-10 10 -10 10 -10 10" Origin="0 0 0" Spacing="1 1 1">
  <Piece Extent="-10 10 -10 10 -10 10">
    <PointData>
    </PointData>
    <CellData Scalars="Material">
      <DataArray type="Float64" Name="Material" format="ascii" RangeMin="0" RangeMax="5">
        5 5 5 5 5 5
        5 5 5 4 4 4
        4 4 4 3 3 3
        3 3 5 5 5 5
        5 5 5 5 4 4
        4 4 4 4 3 3
        3 3 3 3 5 5
        5 5 5 5 5 5
        4 4 4 4 4 4
        3 3 3 3 3 3
        5 5 5 5 5 5
        5 4 4 4 4 4
        4 3 3 3 3 3
        3 2 5 5 5 5
        5 5 4 4 4 4
        4 4 4 3 3 3
        3 3 3 2 5 5
        5 5 5 4 4 4
        4 4 4 4 3 3
        3 3 3 3 2 2
        5 5 5 5 4 4
        4 4 4 4 4 4
        3 3 3 3 3 3
        2 2 5 5 5 4
        4 4 4 4 4 4
        4 3 3 3 3 3
        3 2 2 2 5 4
        4 4 4 4 4 4
        4 4 3 3 3 3
        3 3 2 2 2 2
        4 4 4 4 4 4
        4 4 4 3 3 3
        3 3 3 3 2 2
        2 2 4 4 4 4
        4 4 4 4 3 3
        3 3 3 3 3 2
        2 2 2 2 4 4
        4 4 4 4 4 3
        3 3 3 3 3 3
        2 2 2 2 2 2
        4 4 4 4 4 3
        3 3 3 3 3 3
        3 2 2 2 2 2
        2 2 4 4 4 3
        3 3 3 3 3 3
        3 3 2 2 2 2
        2 2 2 1 4 3
        3 3 3 3 3 3
        3 3 3 2 2 2
        2 2 2 2 1 1
        3 3 3 3 3 3
        3 3 3 3 2 2
        2 2 2 2 2 1
        1 1 3 3 3 3
        3 3 3 3 2 2
        2 2 2 2 2 2
        1 1 1 1 3 3
        3 3 3 3 3 2
        2 2 2 2 2 2
        2 1 1 1 1 1
        3 3 3 3 3 2
        2 2 2 2 2 2
        2 2 1 1 1 1
        1 1 3 3 3 2
        2 2 2 2 2 2
        2 2 2 1 1 1
        1 1 1 1 5 5
        5 5 5 5 5 5
        5 4 4 4 4 4
        4 3 3 3 3 3
        5 5 5 5 5 5
        5 5 4 4 4 4
        4 4 3 3 3 3
        3 3 5 5 5 5
        5 5 5 4 4 4
        4 4 4 4 3 3
        3 3 3 2 5 5
        5 5 5 5 5 4
        4 4 4 4 4 3
        3 3 3 3 3 2
        5 5 5 5 5 5
        4 4 4 4 4 4
        4 3 3 3 3 3
        3 2 5 5 5 5
        5 4 4 4 4 4
        4 4 3 3 3 3
        3 3 2 2 5 5
        5 5 4 4 4 4
        4 4 4 3 3 3
        3 3 3 2 2 2
        5 5 4 4 4 4
        4 4 4 4 4 3
        3 3 3 3 3 2
        2 2 5 4 4 4
        4 4 4 4 4 4
        3 3 3 3 3 3
        2 2 2 2 4 4
        4 4 4 4 4 4
        4 3 3 3 3 3
        3 2 2 2 2 2
        4 4 4 4 4 4
        4 4 3 3 3 3
        3 3 3 2 2 2
        2 2 4 4 4 4
        4 4 3 3 3 3
        3 3 3 3 2 2
        2 2 2 2 4 4
        4 4 4 3 3 3
        3 3 3 3 3 2
        2 2 2 2 2 1
        4 4 4 3 3 3
        3 3 3 3 3 3
        2 2 2 2 2 2
        2 1 4 3 3 3
        3 3 3 3 3 3
        3 2 2 2 2 2
        2 2 1 1 3 3
        3 3 3 3 3 3
        3 2 2 2 2 2
        2 2 2 1 1 1
        3 3 3 3 3 3
        3 3 2 2 2 2
        2 2 2 2 1 1
        1 1 3 3 3 3
        3 3 2 2 2 2
        2 2 2 2 2 1
        1 1 1 1 3 3
        3 3 3 2 2 2
        2 2 2 2 2 2
        1 1 1 1 1 1
        3 3 2 2 2 2
        2 2 2 2 2 2
        1 1 1 1 1 1
        1 1 5 5 5 5
        5 5 5 5 4 4
        4 4 4 4 3 3
        3 3 3 3 5 5
        5 5 5 5 5 5
        4 4 4 4 4 4
        3 3 3 3 3 3
        5 5 5 5 5 5
        5 4 4 4 4 4
        4 4 3 3 3 3
        3 2 5 5 5 5
        5 5 5 4 4 4
        4 4 4 3 3 3
        3 3 3 2 5 5
        5 5 5 5 4 4
        4 4 4 4 4 3
        3 3 3 3 2 2
        5 5 5 5 5 4
        4 4 4 4 4 4
        3 3 3 3 3 3
        2 2 5 5 5 5
        4 4 4 4 4 4
        4 3 3 3 3 3
        3 2 2 2 5 5
        4 4 4 4 4 4
        4 4 3 3 3 3
        3 3 3 2 2 2
        4 4 4 4 4 4
        4 4 4 4 3 3
        3 3 3 3 2 2
        2 2 4 4 4 4
        4 4 4 4 4 3
        3 3 3 3 3 2
        2 2 2 2 4 4
        4 4 4 4 4 3
        3 3 3 3 3 3
        2 2 2 2 2 2
        4 4 4 4 4 4
        3 3 3 3 3 3
        3 3 2 2 2 2
        2 2 4 4 4 4
        4 3 3 3 3 3
        3 3 3 2 2 2
        2 2 2 1 4 4
        4 3 3 3 3 3
        3 3 3 3 2 2
        2 2 2 2 1 1
        3 3 3 3 3 3
        3 3 3 3 2 2
        2 2 2 2 2 2
        1 1 3 3 3 3
        3 3 3 3 3 2
        2 2 2 2 2 2
        2 1 1 1 3 3
        3 3 3 3 3 3
        2 2 2 2 2 2
        2 2 1 1 1 1
        3 3 3 3 3 3
        2 2 2 2 2 2
        2 2 2 1 1 1
        1 1 3 3 3 3
        2 2 2 2 2 2
        2 2 2 1 1 1
        1 1 1 1 3 3
        2 2 2 2 2 2
        2 2 2 2 1 1
        1 1 1 1 1 1
        5 5 5 5 5 5
        5 5 4 4 4 4
        4 4 3 3 3 3
        3 3 5 5 5 5
        5 5 5 4 4 4
        4 4 4 4 3 3
        3 3 3 2 5 5
        5 5 5 5 5 4
        4 4 4 4 4 3
        3 3 3 3 3 2
        5 5 5 5 5 5
        4 4 4 4 4 4
        4 3 3 3 3 3
        3 2 5 5 5 5
        5 4 4 4 4 4
        4 4 3 3 3 3
        3 3 2 2 5 5
        5 5 4 4 4 4
        4 4 4 4 3 3
        3 3 3 3 2 2
        5 5 5 4 4 4
        4 4 4 4 4 3
        3 3 3 3 3 2
        2 2 5 4 4 4
        4 4 4 4 4 4
        3 3 3 3 3 3
        2 2 2 2 4 4
        4 4 4 4 4 4
        4 3 3 3 3 3
        3 3 2 2 2 2
        4 4 4 4 4 4
        4 4 3 3 3 3
        3 3 3 2 2 2
        2 2 4 4 4 4
        4 4 4 3 3 3
        3 3 3 3 2 2
        2 2 2 2 4 4
        4 4 4 4 3 3
        3 3 3 3 3 2
        2 2 2 2 2 2
        4 4 4 4 3 3
        3 3 3 3 3 3
        2 2 2 2 2 2
        2 1 4 4 3 3
        3 3 3 3 3 3
        3 2 2 2 2 2
        2 2 1 1 3 3
        3 3 3 3 3 3
        3 3 2 2 2 2
        2 2 2 1 1 1
        3 3 3 3 3 3
        3 3 3 2 2 2
        2 2 2 2 1 1
        1 1 3 3 3 3
        3 3 3 2 2 2
        2 2 2 2 2 1
        1 1 1 1 3 3
        3 3 3 3 2 2
        2 2 2 2 2 2
        1 1 1 1 1 1
        3 3 3 3 2 2
        2 2 2 2 2 2
        2 1 1 1 1 1
        1 1 3 2 2 2
        2 2 2 2 2 2
        2 2 1 1 1 1
        1 1 1 1 5 5
        5 5 5 5 5 4
        4 4 4 4 4 4
        3 3 3 3 3 3
        5 5 5 5 5 5
        5 4 4 4 4 4
        4 3 3 3 3 3
        3 2 5 5 5 5
        5 5 4 4 4 4
        4 4 4 3 3 3
        3 3 3 2 5 5
        5 5 5 5 4 4
        4 4 4 4 4 3
        3 3 3 3 2 2
        5 5 5 5 5 4
        4 4 4 4 4 4
        3 3 3 3 3 3
        2 2 5 5 5 5
        4 4 4 4 4 4
        4 3 3 3 3 3
        3 2 2 2 5 5
        4 4 4 4 4 4
        4 4 4 3 3 3
        3 3 3 2 2 2
        4 4 4 4 4 4
        4 4 4 4 3 3
        3 3 3 3 2 2
        2 2 4 4 4 4
        4 4 4 4 4 3
        3 3 3 3 3 2
        2 2 2 2 4 4
        4 4 4 4 4 4
        3 3 3 3 3 3
        3 2 2 2 2 2
        4 4 4 4 4 4
        4 3 3 3 3 3
        3 3 2 2 2 2
        2 2 4 4 4 4
        4 3 3 3 3 3
        3 3 3 2 2 2
        2 2 2 2 4 4
        4 4 3 3 3 3
        3 3 3 3 2 2
        2 2 2 2 2 1
        4 3 3 3 3 3
        3 3 3 3 3 2
        2 2 2 2 2 2
        1 1 3 3 3 3
        3 3 3 3 3 3
        2 2 2 2 2 2
        2 1 1 1 3 3
        3 3 3 3 3 3
        2 2 2 2 2 2
        2 2 1 1 1 1
        3 3 3 3 3 3
        3 2 2 2 2 2
        2 2 2 1 1 1
        1 1 3 3 3 3
        3 2 2 2 2 2
        2 2 2 2 1 1
        1 1 1 1 3 3
        3 2 2 2 2 2
        2 2 2 2 2 1
        1 1 1 1 1 1
        3 2 2 2 2 2
        2 2 2 2 2 2
        1 1 1 1 1 1
        1 1 5 5 5 5
        5 5 5 4 4 4
        4 4 4 3 3 3
        3 3 3 2 5 5
        5 5 5 5 4 4
        4 4 4 4 4 3
        3 3 3 3 3 2
        5 5 5 5 5 5
        4 4 4 4 4 4
        4 3 3 3 3 3
        3 2 5 5 5 5
        5 4 4 4 4 4
        4 4 3 3 3 3
        3 3 2 2 5 5
        5 5 4 4 4 4
        4 4 4 4 3 3
        3 3 3 3 2 2
        5 5 5 4 4 4
        4 4 4 4 4 3
        3 3 3 3 3 2
        2 2 5 4 4 4
        4 4 4 4 4 4
        3 3 3 3 3 3
        2 2 2 2 4 4
        4 4 4 4 4 4
        4 3 3 3 3 3
        3 3 2 2 2 2
        4 4 4 4 4 4
        4 4 3 3 3 3
        3 3 3 2 2 2
        2 2 4 4 4 4
        4 4 4 3 3 3
        3 3 3 3 2 2
        2 2 2 2 4 4
        4 4 4 4 3 3
        3 3 3 3 3 3
        2 2 2 2 2 2
        4 4 4 4 4 3
        3 3 3 3 3 3
        3 2 2 2 2 2
        2 1 4 4 4 3
        3 3 3 3 3 3
        3 3 2 2 2 2
        2 2 2 1 3 3
        3 3 3 3 3 3
        3 3 3 2 2 2
        2 2 2 2 1 1
        3 3 3 3 3 3
        3 3 3 2 2 2
        2 2 2 2 2 1
        1 1 3 3 3 3
        3 3 3 3 2 2
        2 2 2 2 2 2
        1 1 1 1 3 3
        3 3 3 3 2 2
        2 2 2 2 2 2
        2 1 1 1 1 1
        3 3 3 3 3 2
        2 2 2 2 2 2
        2 2 1 1 1 1
        1 1 3 3 3 2
        2 2 2 2 2 2
        2 2 2 1 1 1
        1 1 1 1 2 2
        2 2 2 2 2 2
        2 2 2 1 1 1
        1 1 1 1 1 1
        5 5 5 5 5 5
        4 4 4 4 4 4
        4 3 3 3 3 3
        3 2 5 5 5 5
        5 5 4 4 4 4
        4 4 4 3 3 3
        3 3 3 2 5 5
        5 5 5 4 4 4
        4 4 4 4 3 3
        3 3 3 3 2 2
        5 5 5 5 4 4
        4 4 4 4 4 4
        3 3 3 3 3 3
        2 2 5 5 5 4
        4 4 4 4 4 4
        4 3 3 3 3 3
        3 2 2 2 5 5
        4 4 4 4 4 4
        4 4 3 3 3 3
        3 3 3 2 2 2
        4 4 4 4 4 4
        4 4 4 4 3 3
        3 3 3 3 2 2
        2 2 4 4 4 4
        4 4 4 4 4 3
        3 3 3 3 3 2
        2 2 2 2 4 4
        4 4 4 4 4 4
        3 3 3 3 3 3
        3 2 2 2 2 2
        4 4 4 4 4 4
        4 3 3 3 3 3
        3 3 2 2 2 2
        2 2 4 4 4 4
        4 3 3 3 3 3
        3 3 3 2 2 2
        2 2 2 2 4 4
        4 4 3 3 3 3
        3 3 3 3 2 2
        2 2 2 2 2 1
        4 4 3 3 3 3
        3 3 3 3 3 2
        2 2 2 2 2 2
        1 1 3 3 3 3
        3 3 3 3 3 3
        2 2 2 2 2 2
        2 1 1 1 3 3
        3 3 3 3 3 3
        3 2 2 2 2 2
        2 2 1 1 1 1
        3 3 3 3 3 3
        3 2 2 2 2 2
        2 2 2 1 1 1
        1 1 3 3 3 3
        3 3 2 2 2 2
        2 2 2 2 1 1
        1 1 1 1 3 3
        3 3 2 2 2 2
        2 2 2 2 2 1
        1 1 1 1 1 1
        3 3 2 2 2 2
        2 2 2 2 2 2
        1 1 1 1 1 1
        1 1 2 2 2 2
        2 2 2 2 2 2
        2 1 1 1 1 1
        1 1 1 0 5 5
        5 5 5 4 4 4
        4 4 4 4 3 3
        3 3 3 3 2 2
        5 5 5 5 5 4
        4 4 4 4 4 4
        3 3 3 3 3 3
        2 2 5 5 5 5
        4 4 4 4 4 4
        4 4 3 3 3 3
        3 3 2 2 5 5
        5 4 4 4 4 4
        4 4 4 3 3 3
        3 3 3 2 2 2
        5 5 4 4 4 4
        4 4 4 4 3 3
        3 3 3 3 3 2
        2 2 4 4 4 4
        4 4 4 4 4 4
        3 3 3 3 3 3
        2 2 2 2 4 4
        4 4 4 4 4 4
        4 3 3 3 3 3
        3 3 2 2 2 2
        4 4 4 4 4 4
        4 4 3 3 3 3
        3 3 3 2 2 2
        2 2 4 4 4 4
        4 4 4 3 3 3
        3 3 3 3 2 2
        2 2 2 2 4 4
        4 4 4 4 3 3
        3 3 3 3 3 2
        2 2 2 2 2 2
        4 4 4 4 3 3
        3 3 3 3 3 3
        3 2 2 2 2 2
        2 1 4 4 4 3
        3 3 3 3 3 3
        3 3 2 2 2 2
        2 2 1 1 3 3
        3 3 3 3 3 3
        3 3 3 2 2 2
        2 2 2 2 1 1
        3 3 3 3 3 3
        3 3 3 2 2 2
        2 2 2 2 2 1
        1 1 3 3 3 3
        3 3 3 3 2 2
        2 2 2 2 2 2
        1 1 1 1 3 3
        3 3 3 3 3 2
        2 2 2 2 2 2
        2 1 1 1 1 1
        3 3 3 3 3 2
        2 2 2 2 2 2
        2 2 1 1 1 1
        1 1 3 3 3 2
        2 2 2 2 2 2
        2 2 2 1 1 1
        1 1 1 1 2 2
        2 2 2 2 2 2
        2 2 2 1 1 1
        1 1 1 1 1 1
        2 2 2 2 2 2
        2 2 2 2 1 1
        1 1 1 1 1 1
        1 0 5 5 5 5
        4 4 4 4 4 4
        4 4 3 3 3 3
        3 3 2 2 5 5
        5 5 4 4 4 4
        4 4 4 3 3 3
        3 3 3 3 2 2
        5 5 5 4 4 4
        4 4 4 4 4 3
        3 3 3 3 3 2
        2 2 5 5 4 4
        4 4 4 4 4 4
        3 3 3 3 3 3
        3 2 2 2 4 4
        4 4 4 4 4 4
        4 4 3 3 3 3
        3 3 2 2 2 2
        4 4 4 4 4 4
        4 4 4 3 3 3
        3 3 3 3 2 2
        2 2 4 4 4 4
        4 4 4 4 3 3
        3 3 3 3 3 2
        2 2 2 2 4 4
        4 4 4 4 4 3
        3 3 3 3 3 3
        2 2 2 2 2 2
        4 4 4 4 4 4
        3 3 3 3 3 3
        3 3 2 2 2 2
        2 2 4 4 4 4
        4 3 3 3 3 3
        3 3 3 2 2 2
        2 2 2 1 4 4
        4 3 3 3 3 3
        3 3 3 3 2 2
        2 2 2 2 2 1
        4 3 3 3 3 3
        3 3 3 3 3 2
        2 2 2 2 2 2
        1 1 3 3 3 3
        3 3 3 3 3 3
        2 2 2 2 2 2
        2 1 1 1 3 3
        3 3 3 3 3 3
        3 2 2 2 2 2
        2 2 1 1 1 1
        3 3 3 3 3 3
        3 2 2 2 2 2
        2 2 2 1 1 1
        1 1 3 3 3 3
        3 3 2 2 2 2
        2 2 2 2 1 1
        1 1 1 1 3 3
        3 3 2 2 2 2
        2 2 2 2 2 1
        1 1 1 1 1 1
        3 3 2 2 2 2
        2 2 2 2 2 2
        1 1 1 1 1 1
        1 1 2 2 2 2
        2 2 2 2 2 2
        2 1 1 1 1 1
        1 1 1 0 2 2
        2 2 2 2 2 2
        2 1 1 1 1 1
        1 1 1 1 0 0
        5 5 5 4 4 4
        4 4 4 4 4 3
        3 3 3 3 3 2
        2 2 5 5 4 4
        4 4 4 4 4 4
        4 3 3 3 3 3
        3 2 2 2 5 4
        4 4 4 4 4 4
        4 4 3 3 3 3
        3 3 3 2 2 2
        4 4 4 4 4 4
        4 4 4 4 3 3
        3 3 3 3 2 2
        2 2 4 4 4 4
        4 4 4 4 4 3
        3 3 3 3 3 3
        2 2 2 2 4 4
        4 4 4 4 4 4
        3 3 3 3 3 3
        3 2 2 2 2 2
        4 4 4 4 4 4
        4 3 3 3 3 3
        3 3 2 2 2 2
        2 2 4 4 4 4
        4 4 3 3 3 3
        3 3 3 3 2 2
        2 2 2 2 4 4
        4 4 4 3 3 3
        3 3 3 3 3 2
        2 2 2 2 2 2
        4 4 4 4 3 3
        3 3 3 3 3 3
        2 2 2 2 2 2
        2 1 4 4 3 3
        3 3 3 3 3 3
        3 2 2 2 2 2
        2 2 1 1 3 3
        3 3 3 3 3 3
        3 3 2 2 2 2
        2 2 2 1 1 1
        3 3 3 3 3 3
        3 3 3 2 2 2
        2 2 2 2 2 1
        1 1 3 3 3 3
        3 3 3 3 2 2
        2 2 2 2 2 2
        1 1 1 1 3 3
        3 3 3 3 2 2
        2 2 2 2 2 2
        2 1 1 1 1 1
        3 3 3 3 3 2
        2 2 2 2 2 2
        2 2 1 1 1 1
        1 1 3 3 3 2
        2 2 2 2 2 2
        2 2 2 1 1 1
        1 1 1 1 2 2
        2 2 2 2 2 2
        2 2 2 1 1 1
        1 1 1 1 1 1
        2 2 2 2 2 2
        2 2 2 2 1 1
        1 1 1 1 1 1
        1 0 2 2 2 2
        2 2 2 2 2 1
        1 1 1 1 1 1
        1 1 0 0 5 4
        4 4 4 4 4 4
        4 4 3 3 3 3
        3 3 3 2 2 2
        4 4 4 4 4 4
        4 4 4 4 3 3
        3 3 3 3 2 2
        2 2 4 4 4 4
        4 4 4 4 4 3
        3 3 3 3 3 3
        2 2 2 2 4 4
        4 4 4 4 4 4
        4 3 3 3 3 3
        3 2 2 2 2 2
        4 4 4 4 4 4
        4 4 3 3 3 3
        3 3 3 2 2 2
        2 2 4 4 4 4
        4 4 4 3 3 3
        3 3 3 3 2 2
        2 2 2 2 4 4
        4 4 4 4 3 3
        3 3 3 3 3 3
        2 2 2 2 2 2
        4 4 4 4 4 3
        3 3 3 3 3 3
        3 2 2 2 2 2
        2 2 4 4 4 4
        3 3 3 3 3 3
        3 3 2 2 2 2
        2 2 2 1 4 4
        3 3 3 3 3 3
        3 3 3 2 2 2
        2 2 2 2 1 1
        3 3 3 3 3 3
        3 3 3 3 2 2
        2 2 2 2 2 2
        1 1 3 3 3 3
        3 3 3 3 3 2
        2 2 2 2 2 2
        2 1 1 1 3 3
        3 3 3 3 3 3
        2 2 2 2 2 2
        2 2 1 1 1 1
        3 3 3 3 3 3
        3 2 2 2 2 2
        2 2 2 1 1 1
        1 1 3 3 3 3
        3 2 2 2 2 2
        2 2 2 2 1 1
        1 1 1 1 3 3
        3 2 2 2 2 2
        2 2 2 2 2 1
        1 1 1 1 1 1
        3 2 2 2 2 2
        2 2 2 2 2 2
        1 1 1 1 1 1
        1 1 2 2 2 2
        2 2 2 2 2 2
        2 1 1 1 1 1
        1 1 1 0 2 2
        2 2 2 2 2 2
        2 1 1 1 1 1
        1 1 1 1 0 0
        2 2 2 2 2 2
        2 2 1 1 1 1
        1 1 1 1 1 0
        0 0 4 4 4 4
        4 4 4 4 4 3
        3 3 3 3 3 3
        2 2 2 2 4 4
        4 4 4 4 4 4
        4 3 3 3 3 3
        3 3 2 2 2 2
        4 4 4 4 4 4
        4 4 3 3 3 3
        3 3 3 2 2 2
        2 2 4 4 4 4
        4 4 4 4 3 3
        3 3 3 3 3 2
        2 2 2 2 4 4
        4 4 4 4 4 3
        3 3 3 3 3 3
        2 2 2 2 2 2
        4 4 4 4 4 4
        3 3 3 3 3 3
        3 3 2 2 2 2
        2 2 4 4 4 4
        4 3 3 3 3 3
        3 3 3 2 2 2
        2 2 2 2 4 4
        4 4 3 3 3 3
        3 3 3 3 2 2
        2 2 2 2 2 1
        4 4 3 3 3 3
        3 3 3 3 3 2
        2 2 2 2 2 2
        1 1 3 3 3 3
        3 3 3 3 3 3
        2 2 2 2 2 2
        2 2 1 1 3 3
        3 3 3 3 3 3
        3 2 2 2 2 2
        2 2 2 1 1 1
        3 3 3 3 3 3
        3 3 2 2 2 2
        2 2 2 2 1 1
        1 1 3 3 3 3
        3 3 3 2 2 2
        2 2 2 2 2 1
        1 1 1 1 3 3
        3 3 3 3 2 2
        2 2 2 2 2 2
        1 1 1 1 1 1
        3 3 3 3 2 2
        2 2 2 2 2 2
        2 1 1 1 1 1
        1 1 3 3 2 2
        2 2 2 2 2 2
        2 2 1 1 1 1
        1 1 1 1 2 2
        2 2 2 2 2 2
        2 2 2 1 1 1
        1 1 1 1 1 0
        2 2 2 2 2 2
        2 2 2 2 1 1
        1 1 1 1 1 1
        1 0 2 2 2 2
        2 2 2 2 1 1
        1 1 1 1 1 1
        1 1 0 0 2 2
        2 2 2 2 2 1
        1 1 1 1 1 1
        1 1 0 0 0 0
        4 4 4 4 4 4
        4 4 3 3 3 3
        3 3 3 2 2 2
        2 2 4 4 4 4
        4 4 4 4 3 3
        3 3 3 3 3 2
        2 2 2 2 4 4
        4 4 4 4 4 3
        3 3 3 3 3 3
        2 2 2 2 2 2
        4 4 4 4 4 4
        3 3 3 3 3 3
        3 3 2 2 2 2
        2 2 4 4 4 4
        4 4 3 3 3 3
        3 3 3 2 2 2
        2 2 2 2 4 4
        4 4 4 3 3 3
        3 3 3 3 3 2
        2 2 2 2 2 2
        4 4 4 3 3 3
        3 3 3 3 3 3
        2 2 2 2 2 2
        2 1 4 4 3 3
        3 3 3 3 3 3
        3 2 2 2 2 2
        2 2 1 1 3 3
        3 3 3 3 3 3
        3 3 2 2 2 2
        2 2 2 2 1 1
        3 3 3 3 3 3
        3 3 3 2 2 2
        2 2 2 2 2 1
        1 1 3 3 3 3
        3 3 3 3 2 2
        2 2 2 2 2 2
        1 1 1 1 3 3
        3 3 3 3 3 2
        2 2 2 2 2 2
        2 1 1 1 1 1
        3 3 3 3 3 3
        2 2 2 2 2 2
        2 2 1 1 1 1
        1 1 3 3 3 3
        2 2 2 2 2 2
        2 2 2 1 1 1
        1 1 1 1 3 3
        2 2 2 2 2 2
        2 2 2 2 1 1
        1 1 1 1 1 1
        2 2 2 2 2 2
        2 2 2 2 2 1
        1 1 1 1 1 1
        1 1 2 2 2 2
        2 2 2 2 2 2
        1 1 1 1 1 1
        1 1 1 0 2 2
        2 2 2 2 2 2
        2 1 1 1 1 1
        1 1 1 1 0 0
        2 2 2 2 2 2
        2 1 1 1 1 1
        1 1 1 1 1 0
        0 0 2 2 2 2
        2 2 1 1 1 1
        1 1 1 1 1 1
        0 0 0 0 4 4
        4 4 4 4 4 3
        3 3 3 3 3 3
        2 2 2 2 2 2
        4 4 4 4 4 4
        3 3 3 3 3 3
        3 3 2 2 2 2
        2 2 4 4 4 4
        4 4 3 3 3 3
        3 3 3 3 2 2
        2 2 2 2 4 4
        4 4 4 3 3 3
        3 3 3 3 3 2
        2 2 2 2 2 2
        4 4 4 4 3 3
        3 3 3 3 3 3
        2 2 2 2 2 2
        2 1 4 4 4 3
        3 3 3 3 3 3
        3 3 2 2 2 2
        2 2 2 1 4 3
        3 3 3 3 3 3
        3 3 3 2 2 2
        2 2 2 2 1 1
        3 3 3 3 3 3
        3 3 3 3 2 2
        2 2 2 2 2 2
        1 1 3 3 3 3
        3 3 3 3 3 2
        2 2 2 2 2 2
        2 1 1 1 3 3
        3 3 3 3 3 3
        2 2 2 2 2 2
        2 2 1 1 1 1
        3 3 3 3 3 3
        3 2 2 2 2 2
        2 2 2 1 1 1
        1 1 3 3 3 3
        3 3 2 2 2 2
        2 2 2 2 1 1
        1 1 1 1 3 3
        3 3 2 2 2 2
        2 2 2 2 2 1
        1 1 1 1 1 1
        3 3 3 2 2 2
        2 2 2 2 2 2
        1 1 1 1 1 1
        1 1 2 2 2 2
        2 2 2 2 2 2
        2 1 1 1 1 1
        1 1 1 1 2 2
        2 2 2 2 2 2
        2 2 1 1 1 1
        1 1 1 1 1 0
        2 2 2 2 2 2
        2 2 2 1 1 1
        1 1 1 1 1 1
        0 0 2 2 2 2
        2 2 2 2 1 1
        1 1 1 1 1 1
        1 0 0 0 2 2
        2 2 2 2 1 1
        1 1 1 1 1 1
        1 1 0 0 0 0
        2 2 2 2 1 1
        1 1 1 1 1 1
        1 1 1 0 0 0
        0 0 4 4 4 4
        4 3 3 3 3 3
        3 3 3 2 2 2
        2 2 2 2 4 4
        4 4 4 3 3 3
        3 3 3 3 3 2
        2 2 2 2 2 2
        4 4 4 4 3 3
        3 3 3 3 3 3
        2 2 2 2 2 2
        2 2 4 4 4 3
        3 3 3 3 3 3
        3 3 2 2 2 2
        2 2 2 1 4 4
        3 3 3 3 3 3
        3 3 3 2 2 2
        2 2 2 2 2 1
        3 3 3 3 3 3
        3 3 3 3 3 2
        2 2 2 2 2 2
        1 1 3 3 3 3
        3 3 3 3 3 3
        2 2 2 2 2 2
        2 1 1 1 3 3
        3 3 3 3 3 3
        3 2 2 2 2 2
        2 2 2 1 1 1
        3 3 3 3 3 3
        3 3 2 2 2 2
        2 2 2 2 1 1
        1 1 3 3 3 3
        3 3 3 2 2 2
        2 2 2 2 2 1
        1 1 1 1 3 3
        3 3 3 3 2 2
        2 2 2 2 2 2
        1 1 1 1 1 1
        3 3 3 3 2 2
        2 2 2 2 2 2
        2 1 1 1 1 1
        1 1 3 3 2 2
        2 2 2 2 2 2
        2 2 1 1 1 1
        1 1 1 1 2 2
        2 2 2 2 2 2
        2 2 2 1 1 1
        1 1 1 1 1 1
        2 2 2 2 2 2
        2 2 2 2 1 1
        1 1 1 1 1 1
        1 0 2 2 2 2
        2 2 2 2 2 1
        1 1 1 1 1 1
        1 1 0 0 2 2
        2 2 2 2 2 2
        1 1 1 1 1 1
        1 1 1 0 0 0
        2 2 2 2 2 2
        1 1 1 1 1 1
        1 1 1 1 0 0
        0 0 2 2 2 2
        2 1 1 1 1 1
        1 1 1 1 1 0
        0 0 0 0 2 2
        2 1 1 1 1 1
        1 1 1 1 1 1
        0 0 0 0 0 0
        4 4 4 4 3 3
        3 3 3 3 3 3
        2 2 2 2 2 2
        2 2 4 4 4 3
        3 3 3 3 3 3
        3 3 2 2 2 2
        2 2 2 1 4 4
        3 3 3 3 3 3
        3 3 3 2 2 2
        2 2 2 2 2 1
        4 3 3 3 3 3
        3 3 3 3 3 2
        2 2 2 2 2 2
        1 1 3 3 3 3
        3 3 3 3 3 3
        2 2 2 2 2 2
        2 2 1 1 3 3
        3 3 3 3 3 3
        3 2 2 2 2 2
        2 2 2 1 1 1
        3 3 3 3 3 3
        3 3 3 2 2 2
        2 2 2 2 1 1
        1 1 3 3 3 3
        3 3 3 3 2 2
        2 2 2 2 2 2
        1 1 1 1 3 3
        3 3 3 3 3 2
        2 2 2 2 2 2
        2 1 1 1 1 1
        3 3 3 3 3 2
        2 2 2 2 2 2
        2 2 1 1 1 1
        1 1 3 3 3 3
        2 2 2 2 2 2
        2 2 2 1 1 1
        1 1 1 1 3 3
        2 2 2 2 2 2
        2 2 2 2 1 1
        1 1 1 1 1 1
        2 2 2 2 2 2
        2 2 2 2 2 1
        1 1 1 1 1 1
        1 1 2 2 2 2
        2 2 2 2 2 2
        1 1 1 1 1 1
        1 1 1 0 2 2
        2 2 2 2 2 2
        2 1 1 1 1 1
        1 1 1 1 0 0
        2 2 2 2 2 2
        2 2 1 1 1 1
        1 1 1 1 1 0
        0 0 2 2 2 2
        2 2 1 1 1 1
        1 1 1 1 1 1
        0 0 0 0 2 2
        2 2 2 1 1 1
        1 1 1 1 1 1
        1 0 0 0 0 0
        2 2 2 1 1 1
        1 1 1 1 1 1
        1 1 0 0 0 0
        0 0 2 1 1 1
        1 1 1 1 1 1
        1 1 1 0 0 0
        0 0 0 0 4 3
        3 3 3 3 3 3
        3 3 3 2 2 2
        2 2 2 2 2 1
        3 3 3 3 3 3
        3 3 3 3 3 2
        2 2 2 2 2 2
        1 1 3 3 3 3
        3 3 3 3 3 3
        2 2 2 2 2 2
        2 2 1 1 3 3
        3 3 3 3 3 3
        3 2 2 2 2 2
        2 2 2 1 1 1
        3 3 3 3 3 3
        3 3 3 2 2 2
        2 2 2 2 2 1
        1 1 3 3 3 3
        3 3 3 3 2 2
        2 2 2 2 2 2
        1 1 1 1 3 3
        3 3 3 3 3 2
        2 2 2 2 2 2
        2 1 1 1 1 1
        3 3 3 3 3 3
        2 2 2 2 2 2
        2 2 2 1 1 1
        1 1 3 3 3 3
        3 2 2 2 2 2
        2 2 2 2 1 1
        1 1 1 1 3 3
        3 2 2 2 2 2
        2 2 2 2 2 1
        1 1 1 1 1 1
        3 3 2 2 2 2
        2 2 2 2 2 2
        1 1 1 1 1 1
        1 1 2 2 2 2
        2 2 2 2 2 2
        2 1 1 1 1 1
        1 1 1 1 2 2
        2 2 2 2 2 2
        2 2 1 1 1 1
        1 1 1 1 1 0
        2 2 2 2 2 2
        2 2 2 1 1 1
        1 1 1 1 1 1
        0 0 2 2 2 2
        2 2 2 2 1 1
        1 1 1 1 1 1
        1 0 0 0 2 2
        2 2 2 2 1 1
        1 1 1 1 1 1
        1 1 0 0 0 0
        2 2 2 2 2 1
        1 1 1 1 1 1
        1 1 1 0 0 0
        0 0 2 2 2 1
        1 1 1 1 1 1
        1 1 1 1 0 0
        0 0 0 0 2 1
        1 1 1 1 1 1
        1 1 1 1 1 0
        0 0 0 0 0 0
        1 1 1 1 1 1
        1 1 1 1 1 1
        0 0 0 0 0 0
        0 0 3 3 3 3
        3 3 3 3 3 3
        2 2 2 2 2 2
        2 2 1 1 3 3
        3 3 3 3 3 3
        3 2 2 2 2 2
        2 2 2 1 1 1
        3 3 3 3 3 3
        3 3 3 2 2 2
        2 2 2 2 2 1
        1 1 3 3 3 3
        3 3 3 3 2 2
        2 2 2 2 2 2
        1 1 1 1 3 3
        3 3 3 3 3 2
        2 2 2 2 2 2
        2 2 1 1 1 1
        3 3 3 3 3 3
        2 2 2 2 2 2
        2 2 2 1 1 1
        1 1 3 3 3 3
        3 2 2 2 2 2
        2 2 2 2 1 1
        1 1 1 1 3 3
        3 3 2 2 2 2
        2 2 2 2 2 1
        1 1 1 1 1 1
        3 3 3 2 2 2
        2 2 2 2 2 2
        2 1 1 1 1 1
        1 1 3 2 2 2
        2 2 2 2 2 2
        2 2 1 1 1 1
        1 1 1 1 2 2
        2 2 2 2 2 2
        2 2 2 1 1 1
        1 1 1 1 1 0
        2 2 2 2 2 2
        2 2 2 2 1 1
        1 1 1 1 1 1
        1 0 2 2 2 2
        2 2 2 2 2 1
        1 1 1 1 1 1
        1 1 0 0 2 2
        2 2 2 2 2 1
        1 1 1 1 1 1
        1 1 1 0 0 0
        2 2 2 2 2 2
        1 1 1 1 1 1
        1 1 1 1 0 0
        0 0 2 2 2 2
        2 1 1 1 1 1
        1 1 1 1 1 0
        0 0 0 0 2 2
        2 1 1 1 1 1
        1 1 1 1 1 1
        0 0 0 0 0 0
        2 1 1 1 1 1
        1 1 1 1 1 1
        1 0 0 0 0 0
        0 0 1 1 1 1
        1 1 1 1 1 1
        1 1 0 0 0 0
        0 0 0 0 1 1
        1 1 1 1 1 1
        1 1 0 0 0 0
        0 0 0 0 0 0
        3 3 3 3 3 3
        3 3 2 2 2 2
        2 2 2 2 1 1
        1 1 3 3 3 3
        3 3 3 3 2 2
        2 2 2 2 2 2
        1 1 1 1 3 3
        3 3 3 3 3 2
        2 2 2 2 2 2
        2 2 1 1 1 1
        3 3 3 3 3 3
        2 2 2 2 2 2
        2 2 2 1 1 1
        1 1 3 3 3 3
        3 2 2 2 2 2
        2 2 2 2 1 1
        1 1 1 1 3 3
        3 3 2 2 2 2
        2 2 2 2 2 2
        1 1 1 1 1 1
        3 3 3 2 2 2
        2 2 2 2 2 2
        2 1 1 1 1 1
        1 1 3 3 2 2
        2 2 2 2 2 2
        2 2 1 1 1 1
        1 1 1 1 2 2
        2 2 2 2 2 2
        2 2 2 1 1 1
        1 1 1 1 1 1
        2 2 2 2 2 2
        2 2 2 2 1 1
        1 1 1 1 1 1
        1 0 2 2 2 2
        2 2 2 2 2 1
        1 1 1 1 1 1
        1 1 0 0 2 2
        2 2 2 2 2 2
        1 1 1 1 1 1
        1 1 1 1 0 0
        2 2 2 2 2 2
        2 1 1 1 1 1
        1 1 1 1 1 0
        0 0 2 2 2 2
        2 2 1 1 1 1
        1 1 1 1 1 1
        0 0 0 0 2 2
        2 2 1 1 1 1
        1 1 1 1 1 1
        1 0 0 0 0 0
        2 2 2 1 1 1
        1 1 1 1 1 1
        1 1 0 0 0 0
        0 0 1 1 1 1
        1 1 1 1 1 1
        1 1 1 0 0 0
        0 0 0 0 1 1
        1 1 1 1 1 1
        1 1 1 1 0 0
        0 0 0 0 0 0
        1 1 1 1 1 1
        1 1 1 1 0 0
        0 0 0 0 0 0
        0 0 1 1 1 1
        1 1 1 1 1 0
        0 0 0 0 0 0
        0 0 0 0 3 3
        3 3 3 3 2 2
        2 2 2 2 2 2
        2 1 1 1 1 1
        3 3 3 3 3 3
        2 2 2 2 2 2
        2 2 2 1 1 1
        1 1 3 3 3 3
        3 2 2 2 2 2
        2 2 2 2 1 1
        1 1 1 1 3 3
        3 3 2 2 2 2
        2 2 2 2 2 2
        1 1 1 1 1 1
        3 3 3 2 2 2
        2 2 2 2 2 2
        2 1 1 1 1 1
        1 1 3 3 2 2
        2 2 2 2 2 2
        2 2 1 1 1 1
        1 1 1 1 2 2
        2 2 2 2 2 2
        2 2 2 2 1 1
        1 1 1 1 1 1
        2 2 2 2 2 2
        2 2 2 2 2 1
        1 1 1 1 1 1
        1 1 2 2 2 2
        2 2 2 2 2 2
        1 1 1 1 1 1
        1 1 1 0 2 2
        2 2 2 2 2 2
        2 1 1 1 1 1
        1 1 1 1 0 0
        2 2 2 2 2 2
        2 2 1 1 1 1
        1 1 1 1 1 0
        0 0 2 2 2 2
        2 2 2 1 1 1
        1 1 1 1 1 1
        0 0 0 0 2 2
        2 2 2 1 1 1
        1 1 1 1 1 1
        1 1 0 0 0 0
        2 2 2 2 1 1
        1 1 1 1 1 1
        1 1 1 0 0 0
        0 0 2 2 1 1
        1 1 1 1 1 1
        1 1 1 1 0 0
        0 0 0 0 1 1
        1 1 1 1 1 1
        1 1 1 1 1 0
        0 0 0 0 0 0
        1 1 1 1 1 1
        1 1 1 1 1 0
        0 0 0 0 0 0
        0 0 1 1 1 1
        1 1 1 1 1 1
        0 0 0 0 0 0
        0 0 0 0 1 1
        1 1 1 1 1 1
        1 0 0 0 0 0
        0 0 0 0 0 0
        1 1 1 1 1 1
        1 1 0 0 0 0
        0 0 0 0 0 0
        0 0
      </DataArray>
    </CellData>
  </Piece>
  </ImageData>
</VTKFile>
