OFF
480 448 1776
0.000000 0.000000 0.488037
0.003906 0.042188 0.476326
0.003906 -0.042188 0.476326
0.010742 0.000000 0.575333
0.012500 0.056251 0.450561
0.012500 -0.056251 0.450561
0.019531 0.000000 0.413654
0.021094 0.042188 0.424797
0.021094 -0.042188 0.424797
0.025000 0.000000 0.413086
0.038750 0.196250 0.488037
0.038750 -0.196250 0.488037
0.039063 0.000000 0.668030
0.048660 0.192034 0.575333
0.048660 -0.192034 0.575333
0.056768 0.188584 0.413654
0.056768 -0.188584 0.413654
0.062500 0.000000 0.358795
0.074785 0.180918 0.668030
0.074785 -0.180918 0.668030
0.079102 0.000000 0.764481
0.096406 0.171719 0.358795
0.096406 -0.171719 0.358795
0.100000 0.000000 0.769043
0.103906 0.042188 0.777779
0.103906 -0.042188 0.777779
0.105469 0.000000 0.321560
0.111721 0.165203 0.764481
0.111721 -0.165203 0.764481
0.112500 0.056251 0.796997
0.112500 -0.056251 0.796997
0.121094 0.042188 0.816215
0.121094 -0.042188 0.816215
0.125000 0.000000 0.300049
0.125000 0.000000 0.824951
0.125000 0.000000 0.863037
0.136045 0.154853 0.321560
0.136045 -0.154853 0.321560
0.137695 0.000000 0.881027
0.145000 0.355000 0.488037
0.145000 -0.355000 0.488037
0.149219 0.000000 0.887024
0.150000 0.000000 0.863037
0.152627 0.347373 0.575333
0.152627 -0.347373 0.575333
0.154062 0.147187 0.300049
0.154062 0.147187 0.863037
0.154062 -0.147187 0.300049
0.154062 -0.147187 0.863037
0.154883 0.000000 0.881027
0.158867 0.341133 0.413654
0.158867 -0.341133 0.413654
0.165774 0.142205 0.881027
0.165774 -0.142204 0.881027
0.172734 0.327266 0.668030
0.172734 -0.327266 0.668030
0.175000 0.000000 0.863037
0.176404 0.137682 0.887024
0.176404 -0.137681 0.887024
0.177125 0.137375 0.863037
0.177125 -0.137375 0.863037
0.181629 0.135459 0.881027
0.181629 -0.135458 0.881027
0.189375 0.310625 0.358795
0.189375 -0.310625 0.358795
0.200187 0.127562 0.863037
0.200187 -0.127562 0.863037
0.201162 0.298838 0.764481
0.201162 -0.298838 0.764481
0.210938 0.000000 0.884945
0.219883 0.280117 0.321560
0.219883 -0.280117 0.321560
0.233340 0.113457 0.884945
0.233340 -0.113457 0.884945
0.233750 0.266250 0.300049
0.233750 0.266250 0.863037
0.233750 -0.266250 0.300049
0.233750 -0.266250 0.863037
0.242764 0.257238 0.881027
0.242764 -0.257235 0.881027
0.250945 0.249056 0.887024
0.250945 -0.249054 0.887024
0.251500 0.248500 0.863037
0.251500 -0.248500 0.863037
0.254967 0.245034 0.881027
0.254967 -0.245033 0.881027
0.269250 0.230750 0.863037
0.269250 -0.230750 0.863037
0.293750 0.000000 0.900055
0.294766 0.205234 0.884945
0.294766 -0.205234 0.884945
0.303750 0.461250 0.488037
0.303750 -0.461250 0.488037
0.307966 0.451340 0.575333
0.307966 -0.451340 0.575333
0.309734 0.080953 0.900055
0.309734 -0.080953 0.900055
0.311416 0.443233 0.413654
0.311416 -0.443233 0.413654
0.319082 0.425215 0.668030
0.319082 -0.425215 0.668030
0.328281 0.403594 0.358795
0.328281 -0.403594 0.358795
0.334797 0.388279 0.764481
0.334797 -0.388279 0.764481
0.345146 0.363955 0.321560
0.345146 -0.363955 0.321560
0.352812 0.345937 0.300049
0.352812 0.345937 0.863037
0.352812 -0.345937 0.300049
0.352812 -0.345937 0.863037
0.353562 0.146438 0.900055
0.353562 -0.146438 0.900055
0.357795 0.334229 0.881027
0.357795 -0.334224 0.881027
0.362318 0.323599 0.887024
0.362318 -0.323595 0.887024
0.362625 0.322875 0.863037
0.362625 -0.322875 0.863037
0.364542 0.318373 0.881027
0.364542 -0.318371 0.881027
0.372437 0.299813 0.863037
0.372437 -0.299813 0.863037
0.385938 0.000000 0.915394
0.386543 0.266661 0.884945
0.386543 -0.266661 0.884945
0.394777 0.044769 0.915394
0.394777 -0.044769 0.915394
0.414844 0.000000 1.037760
0.418750 0.000000 1.007930
0.419016 0.080984 0.915394
0.419016 -0.080984 0.915394
0.419047 0.190266 0.900055
0.419047 -0.190266 0.900055
0.421414 0.033513 1.037760
0.421414 -0.033513 1.037760
0.425021 0.031970 1.007930
0.425021 -0.031970 1.007930
0.439460 0.060540 1.037760
0.439460 -0.060540 1.037760
0.442242 0.057758 1.007930
0.442242 -0.057758 1.007930
0.450000 0.000000 0.937988
0.450781 0.000000 0.971153
0.453875 0.019625 0.937988
0.453875 -0.019625 0.937988
0.454586 0.019348 0.971153
0.454586 -0.019348 0.971153
0.455230 0.105222 0.915394
0.455230 -0.105222 0.915394
0.464500 0.035500 0.937988
0.464500 -0.035500 0.937988
0.465028 0.034972 0.971153
0.465028 -0.034972 0.971153
0.466487 0.078587 1.037760
0.466487 -0.078587 1.037760
0.468030 0.074980 1.007930
0.468030 -0.074980 1.007930
0.480375 0.046124 0.937988
0.480375 -0.046124 0.937988
0.480652 0.045414 0.971153
0.480652 -0.045414 0.971153
0.500000 0.000000 1.050050
0.500000 0.049218 0.971153
0.500000 0.049999 0.937988
0.500000 0.081250 1.007930
0.500000 0.085157 1.037760
0.500000 0.114062 0.915394
0.500000 0.206250 0.900055
0.500000 0.289063 0.884945
0.500000 0.325001 0.863037
0.500000 0.345120 0.881027
0.500000 0.350000 0.863037
0.500000 0.350785 0.887024
0.500000 0.362308 0.881027
0.500000 0.375000 0.300049
0.500000 0.375000 0.863037
0.500000 0.394531 0.321560
0.500000 0.420898 0.764481
0.500000 0.437500 0.358795
0.500000 0.460938 0.668030
0.500000 0.480469 0.413654
0.500000 0.489258 0.575333
0.500000 0.500000 0.488037
0.500000 -0.049218 0.971153
0.500000 -0.049999 0.937988
0.500000 -0.081250 1.007930
0.500000 -0.085157 1.037760
0.500000 -0.114062 0.915394
0.500000 -0.206250 0.900055
0.500000 -0.289063 0.884945
0.500000 -0.325001 0.863037
0.500000 -0.345118 0.881027
0.500000 -0.350000 0.863037
0.500000 -0.350780 0.887024
0.500000 -0.362303 0.881027
0.500000 -0.375000 0.300049
0.500000 -0.375000 0.863037
0.500000 -0.394531 0.321560
0.500000 -0.420898 0.764481
0.500000 -0.437500 0.358795
0.500000 -0.460938 0.668030
0.500000 -0.480469 0.413654
0.500000 -0.489258 0.575333
0.500000 -0.500000 0.488037
0.519348 0.045414 0.971153
0.519348 -0.045414 0.971153
0.519625 0.046124 0.937988
0.519625 -0.046124 0.937988
0.531970 0.074980 1.007930
0.531970 -0.074980 1.007930
0.533513 0.078587 1.037760
0.533513 -0.078587 1.037760
0.534972 0.034972 0.971153
0.534972 -0.034972 0.971153
0.535500 0.035500 0.937988
0.535500 -0.035500 0.937988
0.544770 0.105222 0.915394
0.544770 -0.105222 0.915394
0.545414 0.019348 0.971153
0.545414 -0.019348 0.971153
0.546125 0.019625 0.937988
0.546125 -0.019625 0.937988
0.549219 0.000000 0.971153
0.550000 0.000000 0.937988
0.557758 0.057758 1.007930
0.557758 -0.057758 1.007930
0.560540 0.060540 1.037760
0.560540 -0.060540 1.037760
0.574979 0.031970 1.007930
0.574979 -0.031970 1.007930
0.578586 0.033513 1.037760
0.578586 -0.033513 1.037760
0.580953 0.190266 0.900055
0.580953 -0.190266 0.900055
0.580984 0.080984 0.915394
0.580984 -0.080984 0.915394
0.581250 0.000000 1.007930
0.585156 0.000000 1.037760
0.605223 0.044769 0.915394
0.605223 -0.044769 0.915394
0.613457 0.266661 0.884945
0.613457 -0.266661 0.884945
0.614062 0.000000 0.915394
0.627562 0.299813 0.863037
0.627562 -0.299813 0.863037
0.635459 0.318373 0.881027
0.635459 -0.318371 0.881027
0.637375 0.322875 0.863037
0.637375 -0.322875 0.863037
0.637682 0.323599 0.887024
0.637682 -0.323595 0.887024
0.642205 0.334229 0.881027
0.642205 -0.334224 0.881027
0.646437 0.146438 0.900055
0.646437 -0.146438 0.900055
0.647187 0.345937 0.300049
0.647187 0.345937 0.863037
0.647187 -0.345937 0.300049
0.647187 -0.345937 0.863037
0.654853 0.363955 0.321560
0.654853 -0.363955 0.321560
0.665203 0.388279 0.764481
0.665203 -0.388279 0.764481
0.671719 0.403594 0.358795
0.671719 -0.403594 0.358795
0.680918 0.425215 0.668030
0.680918 -0.425215 0.668030
0.688584 0.443233 0.413654
0.688584 -0.443233 0.413654
0.690266 0.080953 0.900055
0.690266 -0.080953 0.900055
0.692034 0.451340 0.575333
0.692034 -0.451340 0.575333
0.696250 0.461250 0.488037
0.696250 -0.461250 0.488037
0.705234 0.205234 0.884945
0.705234 -0.205234 0.884945
0.706250 0.000000 0.900055
0.730750 0.230750 0.863037
0.730750 -0.230750 0.863037
0.745033 0.245034 0.881027
0.745033 -0.245033 0.881027
0.748500 0.248500 0.863037
0.748500 -0.248500 0.863037
0.749055 0.249056 0.887024
0.749055 -0.249054 0.887024
0.757236 0.257238 0.881027
0.757236 -0.257235 0.881027
0.766250 0.266250 0.300049
0.766250 0.266250 0.863037
0.766250 -0.266250 0.300049
0.766250 -0.266250 0.863037
0.766660 0.113457 0.884945
0.766660 -0.113457 0.884945
0.780117 0.280117 0.321560
0.780117 -0.280117 0.321560
0.789062 0.000000 0.884945
0.798838 0.298838 0.764481
0.798838 -0.298838 0.764481
0.799812 0.127562 0.863037
0.799812 -0.127562 0.863037
0.810625 0.310625 0.358795
0.810625 -0.310625 0.358795
0.818371 0.135459 0.881027
0.818371 -0.135458 0.881027
0.822875 0.137375 0.863037
0.822875 -0.137375 0.863037
0.823596 0.137682 0.887024
0.823596 -0.137681 0.887024
0.825000 0.000000 0.863037
0.827266 0.327266 0.668030
0.827266 -0.327266 0.668030
0.834226 0.142205 0.881027
0.834226 -0.142204 0.881027
0.841133 0.341133 0.413654
0.841133 -0.341133 0.413654
0.845117 0.000000 0.881027
0.845937 0.147187 0.300049
0.845937 0.147187 0.863037
0.845937 -0.147187 0.300049
0.845937 -0.147187 0.863037
0.847373 0.347373 0.575333
0.847373 -0.347373 0.575333
0.850000 0.000000 0.863037
0.850781 0.000000 0.887024
0.855000 0.355000 0.488037
0.855000 -0.355000 0.488037
0.862305 0.000000 0.881027
0.863955 0.154853 0.321560
0.863955 -0.154853 0.321560
0.875000 0.000000 0.300049
0.875000 0.000000 0.863037
0.888279 0.165203 0.764481
0.888279 -0.165203 0.764481
0.894531 0.000000 0.321560
0.903594 0.171719 0.358795
0.903594 -0.171719 0.358795
0.920898 0.000000 0.764481
0.925000 0.000000 0.413086
0.925000 0.000000 0.618896
0.925000 0.092813 0.445244
0.925000 0.092813 0.586738
0.925000 0.123751 0.515991
0.925000 -0.092813 0.445244
0.925000 -0.092813 0.586738
0.925000 -0.123751 0.515991
0.925215 0.180918 0.668030
0.925215 -0.180918 0.668030
0.937500 0.000000 0.358795
0.943232 0.188584 0.413654
0.943232 -0.188584 0.413654
0.951340 0.192034 0.575333
0.951340 -0.192034 0.575333
0.960938 0.000000 0.668030
0.961250 0.196250 0.488037
0.961250 -0.196250 0.488037
0.980469 0.000000 0.413654
0.989258 0.000000 0.575333
1.000000 0.000000 0.488037
1.044920 0.000000 0.646503
1.054080 0.083804 0.622637
1.054080 -0.083804 0.622637
1.074220 0.111739 0.570131
1.074220 -0.111739 0.570131
1.094360 0.083804 0.517625
1.094360 -0.083804 0.517625
1.096870 0.000000 0.712860
1.103520 0.000000 0.493759
1.108590 0.063985 0.698941
1.108590 -0.063985 0.698941
1.125390 0.000000 0.793270
1.134370 0.085313 0.668320
1.134370 -0.085313 0.668320
1.139670 0.044165 0.788218
1.139670 -0.044165 0.788218
1.160160 0.063985 0.637698
1.160160 -0.063985 0.637698
1.171090 0.058887 0.777105
1.171090 -0.058887 0.777105
1.171880 0.000000 0.623779
1.175000 0.000000 0.863037
1.192970 0.000000 0.873200
1.198440 0.035156 0.863037
1.198440 -0.035156 0.863037
1.200000 0.000000 0.863037
1.202510 0.044165 0.765992
1.202510 -0.044165 0.765992
1.206250 0.000000 0.876587
1.210160 0.000000 0.873200
1.215630 0.021094 0.863037
1.215630 -0.021094 0.863037
1.216800 0.000000 0.760940
1.218070 0.032959 0.873741
1.218070 -0.032959 0.873741
1.229810 0.028125 0.877460
1.229810 -0.028125 0.877460
1.230160 0.023291 0.873967
1.230160 -0.023291 0.873967
1.250000 0.028125 0.863037
1.250000 0.046875 0.863037
1.250000 -0.028125 0.863037
1.250000 -0.046875 0.863037
1.273290 0.043945 0.874933
1.273290 -0.043945 0.874933
1.274170 0.031055 0.875654
1.274170 -0.031055 0.875654
1.281640 0.037500 0.879379
1.281640 -0.037500 0.879379
1.284370 0.021094 0.863037
1.284370 -0.021094 0.863037
1.300000 0.000000 0.863037
1.301560 0.035156 0.863037
1.301560 -0.035156 0.863037
1.318180 0.023291 0.877342
1.318180 -0.023291 0.877342
1.325000 0.000000 0.863037
1.328510 0.032959 0.876125
1.328510 -0.032959 0.876125
1.333470 0.028125 0.881299
1.333470 -0.028125 0.881299
1.338180 0.000000 0.878109
1.353610 0.000000 0.876667
1.357030 0.000000 0.882171
-0.016797 0.000000 0.768166
-0.020276 0.042188 0.776765
-0.020276 -0.042188 0.776765
-0.027930 0.056251 0.795683
-0.027930 -0.056251 0.795683
-0.035583 0.042188 0.814601
-0.035583 -0.042188 0.814601
-0.039063 0.000000 0.823200
-0.080078 0.000000 0.538757
-0.082733 0.042188 0.529498
-0.082733 -0.042188 0.529498
-0.088574 0.056251 0.509128
-0.088574 -0.056251 0.509128
-0.094415 0.042188 0.488759
-0.094415 -0.042188 0.488759
-0.097070 0.000000 0.479500
-0.103125 0.000000 0.762024
-0.111426 0.042188 0.769668
-0.111426 -0.042188 0.769668
-0.129688 0.056251 0.786484
-0.129688 -0.056251 0.786484
-0.134375 0.000000 0.600098
-0.141943 0.042188 0.592611
-0.141943 -0.042188 0.592611
-0.147949 0.042188 0.803300
-0.147949 -0.042188 0.803300
-0.156250 0.000000 0.810943
-0.156641 0.000000 0.745354
-0.158594 0.056251 0.576141
-0.158594 -0.056251 0.576141
-0.165234 0.000000 0.661621
-0.167566 0.042188 0.750404
-0.167566 -0.042188 0.750404
-0.175000 0.000000 0.712891
-0.175244 0.042188 0.559671
-0.175244 -0.042188 0.559671
-0.175885 0.042188 0.656723
-0.175885 -0.042188 0.656723
-0.182812 0.000000 0.552185
-0.186719 0.042188 0.712891
-0.186719 -0.042188 0.712891
-0.191602 0.056251 0.761515
-0.191602 -0.056251 0.761515
-0.199316 0.056251 0.645947
-0.199316 -0.056251 0.645947
-0.212500 0.056251 0.712891
-0.212500 -0.056251 0.712891
-0.215637 0.042188 0.772625
-0.215637 -0.042188 0.772625
-0.222748 0.042188 0.635170
-0.222748 -0.042188 0.635170
-0.226562 0.000000 0.777676
-0.233398 0.000000 0.630272
-0.238281 0.042188 0.712891
-0.238281 -0.042188 0.712891
-0.250000 0.000000 0.712891
4 324 317 304 306
4 306 304 281 283
4 283 281 246 248
4 248 246 171 172
4 317 325 308 304
4 304 308 285 281
4 281 285 250 246
4 246 250 173 171
4 325 328 313 308
4 308 313 287 285
4 285 287 252 250
4 250 252 174 173
4 328 332 319 313
4 313 319 290 287
4 287 290 257 252
4 252 257 176 174
4 172 171 119 117
4 117 119 84 82
4 82 84 61 59
4 59 61 49 42
4 171 173 115 119
4 119 115 80 84
4 84 80 57 61
4 61 57 41 49
4 173 174 113 115
4 115 113 78 80
4 80 78 52 57
4 57 52 38 41
4 174 176 108 113
4 113 108 75 78
4 78 75 46 52
4 52 46 35 38
4 42 49 62 60
4 60 62 85 83
4 83 85 120 118
4 118 120 192 193
4 49 41 58 62
4 62 58 81 85
4 85 81 116 120
4 120 116 194 192
4 41 38 53 58
4 58 53 79 81
4 81 79 114 116
4 116 114 195 194
4 38 35 48 53
4 53 48 77 79
4 79 77 110 114
4 114 110 197 195
4 193 192 247 249
4 249 247 282 284
4 284 282 305 307
4 307 305 317 324
4 192 194 251 247
4 247 251 286 282
4 282 286 309 305
4 305 309 325 317
4 194 195 253 251
4 251 253 288 286
4 286 288 314 309
4 309 314 328 325
4 195 197 259 253
4 253 259 292 288
4 288 292 321 314
4 314 321 332 328
4 332 338 333 319
4 319 333 298 290
4 290 298 262 257
4 257 262 178 176
4 338 354 347 333
4 333 347 311 298
4 298 311 266 262
4 262 266 180 178
4 354 358 352 347
4 347 352 322 311
4 311 322 272 266
4 266 272 182 180
4 358 359 355 352
4 352 355 326 322
4 322 326 274 272
4 272 274 183 182
4 176 178 103 108
4 108 103 67 75
4 75 67 27 46
4 46 27 20 35
4 178 180 99 103
4 103 99 54 67
4 67 54 18 27
4 27 18 12 20
4 180 182 93 99
4 99 93 43 54
4 54 43 13 18
4 18 13 3 12
4 182 183 91 93
4 93 91 39 43
4 43 39 10 13
4 13 10 0 3
4 35 20 28 48
4 48 28 68 77
4 77 68 104 110
4 110 104 199 197
4 20 12 19 28
4 28 19 55 68
4 68 55 100 104
4 104 100 201 199
4 12 3 14 19
4 19 14 44 55
4 55 44 94 100
4 100 94 203 201
4 3 0 11 14
4 14 11 40 44
4 44 40 92 94
4 94 92 204 203
4 197 199 263 259
4 259 263 299 292
4 292 299 334 321
4 321 334 338 332
4 199 201 267 263
4 263 267 312 299
4 299 312 348 334
4 334 348 354 338
4 201 203 273 267
4 267 273 323 312
4 312 323 353 348
4 348 353 358 354
4 203 204 275 273
4 273 275 327 323
4 323 327 356 353
4 353 356 359 358
4 359 357 350 355
4 355 350 315 326
4 326 315 268 274
4 274 268 181 183
4 357 349 336 350
4 350 336 302 315
4 315 302 264 268
4 268 264 179 181
4 349 335 329 336
4 336 329 295 302
4 302 295 260 264
4 264 260 177 179
4 335 331 318 329
4 329 318 289 295
4 295 289 256 260
4 260 256 175 177
4 183 181 97 91
4 91 97 50 39
4 39 50 15 10
4 10 15 6 0
4 181 179 101 97
4 97 101 63 50
4 50 63 21 15
4 15 21 17 6
4 179 177 105 101
4 101 105 70 63
4 63 70 36 21
4 21 36 26 17
4 177 175 107 105
4 105 107 74 70
4 70 74 45 36
4 36 45 33 26
4 0 6 16 11
4 11 16 51 40
4 40 51 98 92
4 92 98 202 204
4 6 17 22 16
4 16 22 64 51
4 51 64 102 98
4 98 102 200 202
4 17 26 37 22
4 22 37 71 64
4 64 71 106 102
4 102 106 198 200
4 26 33 47 37
4 37 47 76 71
4 71 76 109 106
4 106 109 196 198
4 204 202 269 275
4 275 269 316 327
4 327 316 351 356
4 356 351 357 359
4 202 200 265 269
4 269 265 303 316
4 316 303 337 351
4 351 337 349 357
4 200 198 261 265
4 265 261 296 303
4 303 296 330 337
4 337 330 335 349
4 198 196 258 261
4 261 258 291 296
4 296 291 320 330
4 330 320 331 335
4 23 424 425 24
4 24 425 427 29
4 29 427 429 31
4 31 429 431 34
4 424 440 441 425
4 425 441 443 427
4 427 443 448 429
4 429 448 450 431
4 440 451 455 441
4 441 455 465 443
4 443 465 471 448
4 448 471 475 450
4 451 457 463 455
4 455 463 469 465
4 465 469 477 471
4 471 477 479 475
4 34 431 430 32
4 32 430 428 30
4 30 428 426 25
4 25 426 424 23
4 431 450 449 430
4 430 449 444 428
4 428 444 442 426
4 426 442 440 424
4 450 475 472 449
4 449 472 466 444
4 444 466 456 442
4 442 456 451 440
4 475 479 478 472
4 472 478 470 466
4 466 470 464 456
4 456 464 457 451
4 457 454 460 463
4 463 460 467 469
4 469 467 473 477
4 477 473 476 479
4 454 445 446 460
4 460 446 452 467
4 467 452 458 473
4 473 458 462 476
4 445 432 433 446
4 446 433 435 452
4 452 435 437 458
4 458 437 439 462
4 432 0 1 433
4 433 1 4 435
4 435 4 7 437
4 437 7 9 439
4 479 476 474 478
4 478 474 468 470
4 470 468 461 464
4 464 461 454 457
4 476 462 459 474
4 474 459 453 468
4 468 453 447 461
4 461 447 445 454
4 462 439 438 459
4 459 438 436 453
4 453 436 434 447
4 447 434 432 445
4 439 9 8 438
4 438 8 5 436
4 436 5 2 434
4 434 2 0 432
4 340 360 361 342
4 342 361 363 343
4 343 363 365 341
4 341 365 368 339
4 360 367 369 361
4 361 369 372 363
4 363 372 376 365
4 365 376 380 368
4 367 371 374 369
4 369 374 378 372
4 372 378 386 376
4 376 386 392 380
4 371 381 383 374
4 374 383 400 378
4 378 400 412 386
4 386 412 416 392
4 339 368 366 344
4 344 366 364 346
4 346 364 362 345
4 345 362 360 340
4 368 380 377 366
4 366 377 373 364
4 364 373 370 362
4 362 370 367 360
4 380 392 387 377
4 377 387 379 373
4 373 379 375 370
4 370 375 371 367
4 392 416 413 387
4 387 413 402 379
4 379 402 384 375
4 375 384 381 371
4 381 382 393 383
4 383 393 403 400
4 400 403 417 412
4 412 417 422 416
4 382 388 395 393
4 393 395 407 403
4 403 407 419 417
4 417 419 423 422
4 388 389 397 395
4 395 397 405 407
4 407 405 414 419
4 419 414 421 423
4 389 385 390 397
4 397 390 399 405
4 405 399 409 414
4 414 409 411 421
4 416 422 418 413
4 413 418 404 402
4 402 404 394 384
4 384 394 382 381
4 422 423 420 418
4 418 420 408 404
4 404 408 396 394
4 394 396 388 382
4 423 421 415 420
4 420 415 406 408
4 408 406 398 396
4 396 398 389 388
4 421 411 410 415
4 415 410 401 406
4 406 401 391 398
4 398 391 385 389
3 162 238 231
3 162 231 227
3 162 227 211
3 162 211 166
4 238 237 229 231
4 231 229 225 227
4 227 225 209 211
4 211 209 165 166
4 237 223 219 229
4 229 219 213 225
4 225 213 205 209
4 209 205 163 165
4 223 224 221 219
4 219 221 215 213
4 213 215 207 205
4 205 207 164 163
3 162 166 154
3 162 154 138
3 162 138 134
3 162 134 128
4 166 165 156 154
4 154 156 140 138
4 138 140 136 134
4 134 136 129 128
4 165 163 160 156
4 156 160 152 140
4 140 152 146 136
4 136 146 143 129
4 163 164 158 160
4 160 158 150 152
4 152 150 144 146
4 146 144 142 143
3 162 128 135
3 162 135 139
3 162 139 155
3 162 155 187
4 128 129 137 135
4 135 137 141 139
4 139 141 157 155
4 155 157 186 187
4 129 143 147 137
4 137 147 153 141
4 141 153 161 157
4 157 161 184 186
4 143 142 145 147
4 147 145 151 153
4 153 151 159 161
4 161 159 185 184
3 162 187 212
3 162 212 228
3 162 228 232
3 162 232 238
4 187 186 210 212
4 212 210 226 228
4 228 226 230 232
4 232 230 237 238
4 186 184 206 210
4 210 206 214 226
4 226 214 220 230
4 230 220 223 237
4 184 185 208 206
4 206 208 216 214
4 214 216 222 220
4 220 222 224 223
4 224 243 239 221
4 221 239 235 215
4 215 235 217 207
4 207 217 167 164
4 243 278 270 239
4 239 270 254 235
4 235 254 233 217
4 217 233 168 167
4 278 297 293 270
4 270 293 276 254
4 254 276 241 233
4 233 241 169 168
4 297 310 300 293
4 293 300 279 276
4 276 279 244 241
4 241 244 170 169
4 164 167 148 158
4 158 148 130 150
4 150 130 126 144
4 144 126 123 142
4 167 168 132 148
4 148 132 111 130
4 130 111 95 126
4 126 95 88 123
4 168 169 124 132
4 132 124 89 111
4 111 89 72 95
4 95 72 69 88
4 169 170 121 124
4 124 121 86 89
4 89 86 65 72
4 72 65 56 69
4 142 123 127 145
4 145 127 131 151
4 151 131 149 159
4 159 149 188 185
4 123 88 96 127
4 127 96 112 131
4 131 112 133 149
4 149 133 189 188
4 88 69 73 96
4 96 73 90 112
4 112 90 125 133
4 133 125 190 189
4 69 56 66 73
4 73 66 87 90
4 90 87 122 125
4 125 122 191 190
4 185 188 218 208
4 208 218 236 216
4 216 236 240 222
4 222 240 243 224
4 188 189 234 218
4 218 234 255 236
4 236 255 271 240
4 240 271 278 243
4 189 190 242 234
4 234 242 277 255
4 255 277 294 271
4 271 294 297 278
4 190 191 245 242
4 242 245 280 277
4 277 280 301 294
4 294 301 310 297
